roleid,userid,name,race,occupation,gender,custom_data_size,custom_stamp,status,delete_time,create_time,lastlogin_time,forbid_size,level,level2,exp,sp,pp,hp,mp,posx,posy,posz,worldtag,money,invader_state,invader_time,pariah_time,factionid,factionrole,reputation,custom_status_size,filter_data_size,charactermode_size,instancekeylist_size,dbltime_expire,dbltime_mode,dbltime_begin,dbltime_used,dbltime_max,time_used,timestamp,storesize,petcorral_size,vitality,energy,strength,agility,max_hp,max_mp,hp_gen,mp_gen,walk_speed,run_speed,swim_speed,flight_speed,attack,damage_low,damage_high,attack_speed,attack_range,damage_low0,damage_low1,damage_low2,damage_low3,damage_low4,damage_high0,damage_high1,damage_high2,damage_high3,damage_high4,damage_magic_low,damage_magic_high,resistance0,resistance1,resistance2,resistance3,resistance4,defense,armor,max_ap,var_data_size,skills_size,storehousepasswd_size,waypointlist_size,coolingtime_size,storehouse_money,storehouse_size,inventory_size,equipment_size,taskinventory_size,task_data_size,task_complete_size
16,16,"",0,0,0,0,0,1,,,2006-08-16 13:08:48,0,1,0,0,10000,0,75,45,217.0,218.0,2838.0,1,0,0,0,0,0,35000,0,4,0,596,0,0,1155488400,0,21600,711,1,16,5,5,5,5,5,75,45,0,0, 0.0, 0.0, 0.0, 0.0,0,1,1,0, 0.0,0,0,0,0,0,0,0,0,0,0,1,1,0,0,0,0,0,1,0,299,56,28,0,2,8,0,0,0,1,0,8,6
17,16,"",0,0,1,0,0,1,,,,0,1,0,0,10000,0,75,45,217.0,218.0,2838.0,1,0,0,0,0,0,35000,0,4,0,596,0,0,1155488400,0,21600,711,1,16,5,5,5,5,5,75,45,0,0, 0.0, 0.0, 0.0, 0.0,0,1,1,0, 0.0,0,0,0,0,0,0,0,0,0,0,1,1,0,0,0,0,0,1,0,299,56,28,0,2,8,0,0,0,1,0,8,6
18,16,"",0,1,0,0,0,1,,,,0,1,0,0,10000,0,50,70,332.0,241.0,3068.0,0,0,0,0,0,0,35000,0,0,0,0,0,0,0,0,0,0,0,0,0,5,5,5,5,50,70,0,0, 0.0, 0.0, 0.0, 0.0,0,1,1,0, 0.0,0,0,0,0,0,0,0,0,0,0,1,1,0,0,0,0,0,1,0,299,0,0,0,0,0,0,0,0,0,0,8,6
19,16,"",0,1,1,0,0,1,,,2006-08-16 13:09:23,0,1,0,0,10000,0,50,70,332.0,241.0,3068.0,0,0,0,0,0,0,35000,0,0,0,0,0,0,0,0,0,0,0,0,0,5,5,5,5,50,70,0,0, 0.0, 0.0, 0.0, 0.0,0,1,1,0, 0.0,0,0,0,0,0,0,0,0,0,0,1,1,0,0,0,0,0,1,0,299,0,0,0,0,0,0,0,0,0,0,8,6
20,16,"",0,2,0,0,0,1,,,,0,1,0,0,0,0,40,40,332.0,241.0,3068.0,0,0,0,0,0,0,0,0,0,0,0,0,0,0,0,0,0,0,0,0,15,15,10,10,40,40,135870208,-1210298380,-0.0, 0.0,-1.3, 0.0,0,1,1,135144543,-0.0,0,0,0,0,0,0,0,0,0,0,1,1,0,0,0,0,0,1,0,0,0,0,0,0,0,0,0,0,0,0,0,0
21,16,"",0,2,1,0,0,1,,,,0,1,0,0,0,0,40,40,332.0,241.0,3068.0,0,0,0,0,0,0,0,0,0,0,0,0,0,0,0,0,0,0,0,0,15,15,10,10,40,40,135870208,-1210298380,-0.0, 0.0,-1.3, 0.0,0,1,1,135144543,-0.0,0,0,0,0,0,0,0,0,0,0,1,1,0,0,0,0,0,1,0,0,0,0,0,0,0,0,0,0,0,0,0,0
22,16,"",1,3,0,0,0,1,,,,0,1,0,0,10000,0,60,60,-1441.0,242.0,1383.0,1,0,0,0,0,0,35000,0,4,0,596,0,0,1155488400,0,7200,189,0,16,5,5,5,5,5,60,60,0,0, 0.0, 0.0, 0.0, 0.0,0,1,1,0, 0.0,0,0,0,0,0,0,0,0,0,0,1,1,0,0,0,0,0,1,0,299,56,28,0,2,8,0,0,0,1,0,8,6
23,16,"",1,3,1,0,0,1,,,2006-08-14 14:55:29,0,1,0,0,10000,0,60,60,-1441.0,242.0,1383.0,1,0,0,0,0,0,35000,0,4,0,596,0,0,1155488400,0,7200,189,0,16,5,5,5,5,5,60,60,0,0, 0.0, 0.0, 0.0, 0.0,0,1,1,0, 0.0,0,0,0,0,0,0,0,0,0,0,1,1,0,0,0,0,0,1,0,299,56,28,0,2,8,0,0,0,1,0,8,6
24,16,"",2,4,0,0,0,1,,,2006-08-14 15:25:30,0,1,0,0,10000,0,85,35,-1442.0,242.0,1383.0,1,0,0,0,0,0,35000,0,4,0,596,0,0,1155488400,0,7200,240,0,16,5,5,5,5,5,85,35,0,0, 0.0, 0.0, 0.0, 0.0,0,1,1,0, 0.0,0,0,0,0,0,0,0,0,0,0,1,1,0,0,0,0,0,1,0,299,56,28,0,2,8,0,0,0,1,0,40,4
25,16,"",2,4,1,0,0,1,,,,0,1,0,0,10000,0,85,35,-1442.0,242.0,1383.0,1,0,0,0,0,0,35000,0,4,0,596,0,0,1155488400,0,7200,240,0,16,5,5,5,5,5,85,35,0,0, 0.0, 0.0, 0.0, 0.0,0,1,1,0, 0.0,0,0,0,0,0,0,0,0,0,0,1,1,0,0,0,0,0,1,0,299,56,28,0,2,8,0,0,0,1,0,40,4
26,16,"",3,5,0,0,0,1,,,,0,1,0,0,0,0,25,55,332.0,241.0,3068.0,0,0,0,0,0,0,0,0,0,0,0,0,0,0,0,0,0,0,0,0,8,22,5,15,25,55,135870208,-1210298380,-0.0, 0.0,-1.3, 0.0,0,1,1,135144543,-0.0,0,0,0,0,0,0,0,0,0,0,1,1,0,0,0,0,0,1,0,0,0,0,0,0,0,0,0,0,0,0,0,0
27,16,"",3,5,1,0,0,1,,,,0,1,0,0,0,0,25,55,332.0,241.0,3068.0,0,0,0,0,0,0,0,0,0,0,0,0,0,0,0,0,0,0,0,0,8,22,5,15,25,55,135870208,-1210298380,-0.0, 0.0,-1.3, 0.0,0,1,1,135144543,-0.0,0,0,0,0,0,0,0,0,0,0,1,1,0,0,0,0,0,1,0,0,0,0,0,0,0,0,0,0,0,0,0,0
28,16,"",4,6,0,0,0,1,,,2006-08-23 16:21:33,0,1,0,0,10000,0,65,55,-317.0,218.0,-910.0,1,0,0,0,0,0,35000,0,4,0,596,0,0,1156093200,0,21600,858,1,16,5,5,5,5,5,65,55,0,0, 0.0, 0.0, 0.0, 0.0,0,1,1,0, 0.0,0,0,0,0,0,0,0,0,0,0,1,1,0,0,0,0,0,1,0,299,56,40,0,2,8,0,0,0,3,0,8,6
29,16,"",4,6,1,0,0,1,,,,0,1,0,0,10000,0,65,55,-317.0,218.0,-910.0,1,0,0,0,0,0,35000,0,4,0,596,0,0,1156093200,0,21600,858,1,16,5,5,5,5,5,65,55,0,0, 0.0, 0.0, 0.0, 0.0,0,1,1,0, 0.0,0,0,0,0,0,0,0,0,0,0,1,1,0,0,0,0,0,1,0,299,56,40,0,2,8,0,0,0,3,0,8,6
30,16,"",5,7,0,0,0,1,,,,0,1,8,0,20000000,0,30,50,332.0,241.0,3068.0,0,0,0,0,0,0,35000,0,0,0,0,0,0,0,0,0,0,0,0,0,10,25,5,10,30,50,0,0, 0.0, 0.0, 0.0, 0.0,0,1,1,0, 0.0,0,0,0,0,0,0,0,0,0,0,1,1,0,0,0,0,0,1,0,299,0,0,0,0,0,0,0,0,0,0,0,0
31,16,"",5,7,1,0,0,1,,,2006-08-23 16:24:35,0,1,0,0,10000,0,50,70,-318.0,218.0,-910.0,1,0,0,0,0,0,35000,0,4,0,596,0,0,1156093200,0,21600,293,1,16,5,5,5,5,5,50,70,0,0, 0.0, 0.0, 0.0, 0.0,0,1,1,0, 0.0,0,0,0,0,0,0,0,0,0,0,1,1,0,0,0,0,0,1,0,299,56,40,0,2,8,0,0,0,2,0,40,4
32,32,"",5,7,1,172,6,1,,2008-08-01 00:38:04,2012-06-16 05:33:47,0,150,22,11465272,3918156,400,1317350,7748,1272.7,219.8,984.5,1,0,0,0,0,0,5000002,0,4,8,708,0,0,1339351200,0,43200,2346503,4860,80,1391,3,301,56,5,2210,7266,1,4, 2.0, 4.8, 3.0, 5.0,0,23,23,16, 2.5,0,0,0,0,0,0,0,0,0,0,110,110,0,0,0,0,0,1,0,299,56,484,0,96,8,1999997396,30,105,15,1,552,92
33,32,"",0,0,0,172,0,1,,2012-04-20 11:58:58,2012-06-12 10:23:12,0,10,8,66126,20006444,45,10000344,10000206,-2828.9,379.2,3051.1,1,0,0,0,0,0,35000,0,4,8,708,0,0,1339351200,0,14400,15228,38,16,5,5,5,5,5,345,207,3,2, 2.0, 5.0, 3.0, 5.0,0,10,10,16, 2.5,0,0,0,0,0,0,0,0,0,0,1,1,0,0,0,0,0,1,0,299,56,28,0,96,8,0,0,6,6,0,200,10
34,32,"",0,0,1,172,0,1,,2008-09-21 18:14:50,2012-06-14 08:02:32,0,150,32,3395,9141990,0,1967540,396,1269.9,221.4,1087.8,1,0,58,0,0,0,5001349,0,4,8,708,0,0,1340560800,0,43200,755929,7314,80,599,5,390,340,60,675,396,3,2, 2.0, 5.0, 3.0, 5.0,0,21,21,16, 2.5,0,0,0,0,0,0,0,0,0,0,1,1,0,0,0,0,0,1,0,399,56,436,0,96,24,0,71,70,17,0,232,226
35,32,"",5,7,1,172,7,1,,2008-08-01 00:38:04,2012-06-12 16:20:07,0,101,22,11626986,3872043,238,11313089,10006817,1149.2,225.9,1036.0,1,0,0,0,0,0,5000002,0,4,8,708,0,0,1339351200,0,14400,2119877,4411,80,1391,3,269,5,5,2210,6818,1,4, 2.0, 4.8, 3.0, 5.0,0,23,23,16, 2.5,0,0,0,0,0,0,0,0,0,0,110,110,0,0,0,0,0,1,0,299,56,436,0,96,8,1899997386,30,51,11,1,584,92
36,32,"",5,7,1,172,0,1,,2009-01-07 16:27:45,2012-06-09 05:46:01,0,150,31,0,356244570,0,14025,2836,-2868.2,523.9,-2397.2,1,2,60,292081,0,0,254858,0,4,8,708,0,0,1336932000,0,36000,288137,644,80,203,28,20,180,542,2092,2836,3,2, 2.0, 5.2, 3.0, 5.0,999999999,200,200,16, 2.5,0,0,0,0,0,0,0,0,0,0,1,1,0,0,0,0,0,1,9,399,56,568,0,96,8,204313318,50,33,14,0,72,222
37,32,"",0,0,0,172,0,1,,2012-05-23 21:12:48,2012-05-29 18:59:12,0,90,32,0,20000051,450,75,45,1272.0,219.8,1069.0,1,0,0,0,0,0,35000,0,4,0,708,0,0,1338141600,0,14400,30387,74,16,5,5,5,5,5,75,45,3,2, 2.0, 5.0, 3.0, 5.0,0,1,1,16, 2.5,0,0,0,0,0,0,0,0,0,0,1,1,0,0,0,0,0,1,0,299,56,400,0,96,8,10000000,0,6,2,0,520,14
38,32,"",5,7,1,172,6,1,,2008-08-01 00:38:04,2012-06-14 19:32:23,0,150,22,11465272,3918109,336,6650,7898,-794.0,269.8,644.0,122,0,0,0,0,0,5000002,0,4,0,708,0,0,1339351200,0,28800,2228903,4619,80,1391,3,314,61,51,2210,7448,1,4, 2.0, 4.8, 3.0, 5.0,0,23,23,16, 2.5,0,0,0,0,0,0,0,0,0,0,110,110,0,0,0,0,0,1,0,299,56,484,0,96,8,1999997396,30,93,14,1,520,92
39,32,"",0,0,0,172,0,1,,2012-06-10 20:19:01,2012-06-12 15:32:41,0,9,0,49641,14650,40,315,189,1118.7,220.2,1042.9,1,0,0,0,0,0,35000,0,4,0,708,0,0,1339351200,0,14400,12554,26,16,5,5,5,5,5,315,189,3,2, 2.0, 5.0, 3.0, 5.0,0,9,9,16, 2.5,0,0,0,0,0,0,0,0,0,0,1,1,0,0,0,0,0,1,0,299,56,28,0,2,8,0,0,0,1,0,200,6
48,48,"",0,0,0,172,0,1,,2012-05-17 18:27:06,2012-05-17 18:27:07,0,1,8,32405101,4604368,5,4772,1457,1297.0,237.0,1005.0,1,0,0,0,0,0,34967,0,4,8,708,0,0,1336932000,0,28800,517733,1069,16,203,5,5,5,5,2386,1491,0,0, 0.0, 0.0, 0.0, 0.0,0,105,105,0, 0.0,0,0,0,0,0,0,0,0,0,0,1,1,0,0,0,0,0,1,0,299,56,364,0,96,8,0,0,14,14,0,584,34
65,64,"",5,7,1,172,6,1,,2012-04-21 10:24:31,2012-06-16 06:15:20,0,131,31,49413581,12896852,0,16572,8718,1292.2,221.2,830.8,1,0,0,0,0,0,42431,0,4,8,708,0,0,1339351200,0,43200,2536132,5463,16,1985,171,314,80,105,4170,7840,1,4, 2.0, 4.8, 3.0, 5.0,0,25,25,16, 2.5,0,0,0,0,0,0,0,0,0,0,124,124,0,0,0,0,0,1,0,399,56,700,0,96,8,160714289,14,184,21,1,648,378
82,80,"",5,7,1,172,1,1,,2012-05-30 23:15:52,2012-06-15 17:39:40,0,115,30,39974230,23784896,0,11740,7217,-1517.9,369.4,875.5,1,0,60,0,0,0,36449,0,4,8,708,0,0,1339351200,0,43200,630221,1311,16,401,70,297,80,153,1920,5866,1,4, 2.0, 4.8, 3.0, 5.0,5000,13,13,16, 2.5,0,0,0,0,0,0,0,0,0,0,62,62,0,0,0,0,0,1,0,399,56,700,0,96,8,0,11,123,19,0,296,224
96,96,"",4,6,0,172,1,1,,2012-04-22 22:05:12,2012-06-07 18:44:27,0,60,5,2308157,18573823,0,2954,2126,1498.0,219.0,1201.0,1,0,58,0,0,0,35491,0,4,8,708,0,0,1338141600,0,28800,136275,295,16,5,75,43,56,141,2509,1771,0,0, 0.0, 0.0, 0.0, 0.0,0,60,60,0, 0.0,0,0,0,0,0,0,0,0,0,0,1,1,0,0,0,0,0,1,0,199,56,256,0,96,8,0,0,53,17,0,392,134
97,96,"",4,6,0,172,0,1,,2012-05-09 09:39:23,2012-06-09 22:25:26,0,78,7,1983024,13680132,3,1707389,2544,1289.9,219.6,1143.9,1,0,0,0,0,0,35845,0,4,8,708,0,0,1338746400,0,43200,232993,508,16,203,79,45,78,200,3029,2189,3,2, 2.0, 5.2, 3.0, 5.0,0,78,78,16, 2.5,0,0,0,0,0,0,0,0,0,0,1,1,0,0,0,0,0,1,0,299,56,364,0,96,40,0,0,43,17,0,200,174
112,112,"",2,4,0,172,0,1,,2012-04-24 22:35:31,2012-04-25 02:32:16,0,9,8,8397,20010309,40,10000356,10000146,-1420.1,237.9,1401.6,1,0,0,0,0,0,35000,0,4,0,708,0,0,1335117600,0,21600,783,4,16,5,5,5,5,5,357,147,4,1, 2.0, 4.9, 3.0, 5.0,0,9,9,16, 2.5,0,0,0,0,0,0,0,0,0,0,1,1,0,0,0,0,0,1,0,299,56,28,0,2,24,0,0,3,2,0,200,6
128,128,"",1,3,1,172,0,1,,2012-05-17 17:07:33,2012-05-19 10:05:24,0,51,4,4413577,20144609,0,1296,3076,-1744.3,220.7,50.7,1,0,59,0,0,0,35297,0,4,8,708,0,0,1336932000,0,43200,46132,106,16,203,8,153,55,54,1296,3036,2,3, 2.0, 5.1, 3.0, 5.0,0,31,31,16, 2.5,0,0,0,0,0,0,0,0,0,0,31,31,0,0,0,0,0,1,0,199,56,316,0,96,8,0,0,28,14,4,328,114
129,128,"",4,6,0,172,1,1,,2012-04-21 00:55:45,2012-06-10 21:42:04,0,121,31,43491772,35145569,0,12062,3324,1283.3,221.3,1005.5,1,0,0,0,0,0,36282,0,4,8,708,1339318305,0,1339351200,0,14400,588753,1397,32,203,70,0,103,447,3926,2684,3,2, 2.0, 5.2, 3.0, 5.0,0,117,117,16, 2.5,0,0,0,0,0,0,0,0,0,0,1,1,0,0,0,0,0,1,0,399,56,388,0,96,8,189997264,32,34,19,2,808,274
130,128,"",0,0,0,172,0,1,,2012-06-12 14:17:56,2012-06-13 18:27:53,0,14,0,46799,61708,0,480,279,1256.8,230.1,2990.3,1,0,0,0,0,0,35003,0,4,0,708,0,0,1339351200,0,21600,8914,23,16,5,5,5,63,12,465,279,3,2, 2.0, 5.0, 3.0, 5.0,0,14,14,16, 2.5,0,0,0,0,0,0,0,0,0,0,1,1,0,0,0,0,0,1,0,299,56,28,0,96,24,0,0,18,10,0,296,14
144,144,"",5,7,1,172,6,1,,2008-08-01 00:38:04,2012-06-15 01:58:12,0,101,22,36956469,4305175,0,6461,6077,1385.3,357.3,1183.5,1,0,0,0,0,0,5000000,0,4,8,708,0,0,1339351200,0,36000,2010474,4171,80,995,91,302,127,5,2070,5280,1,4, 2.0, 4.8, 3.0, 5.0,0,23,23,16, 2.5,0,0,0,0,0,0,0,0,0,0,110,110,0,0,0,0,0,1,0,299,56,436,0,96,8,1999997396,15,49,17,0,584,88
145,144,"",0,0,1,172,2,1,,2012-04-20 22:04:44,2012-06-15 08:59:05,0,106,21,4552360,6163337,0,12751,1940,309.9,271.6,3262.7,1,0,0,0,0,0,36917,0,4,8,708,1339273554,0,1339351200,0,36000,588493,1384,80,401,3,3,343,201,2885,1877,3,2, 2.0, 5.0, 3.0, 5.0,0,106,106,16, 2.5,0,0,0,0,0,0,0,0,0,0,1,1,0,0,0,0,0,1,0,399,56,568,0,96,8,213000001,77,55,19,1,392,438
146,144,"",2,4,0,172,0,3,2012-06-15 02:01:05,2012-05-29 05:57:10,2012-06-08 19:19:28,0,50,2,29792,19994197,70,2487,525,283.5,270.5,3298.1,1,0,0,0,0,0,35082,0,4,0,708,0,0,1338746400,0,36000,24231,53,16,203,57,5,120,13,2159,525,4,1, 2.0, 4.9, 3.0, 5.0,0,36,36,16, 2.5,0,0,0,0,0,0,0,0,0,0,1,1,0,0,0,0,0,1,0,99,56,232,0,96,24,0,9,26,12,0,168,84
161,160,"",2,4,0,172,0,1,2012-04-21 20:59:26,2012-04-21 20:47:52,2012-06-05 19:11:41,0,70,6,6713915,19341078,15,5958,1207,1247.7,219.8,1029.9,1,0,0,0,0,0,35504,0,4,8,708,0,0,1338746400,0,14400,167384,357,16,401,117,8,155,70,4335,1022,4,1, 2.0, 4.9, 3.0, 5.0,0,70,70,16, 2.5,0,0,0,0,0,0,0,0,0,0,1,1,0,0,0,0,0,1,0,299,56,340,0,96,8,0,14,44,19,1,296,166
162,160,"",0,0,0,172,0,1,,2012-04-21 21:01:31,2012-05-17 09:18:38,0,32,2,266832,20161299,5,1705,723,1280.2,219.6,1003.3,1,0,0,0,0,0,35106,0,4,0,708,0,0,1336932000,0,28800,39709,80,16,5,37,15,73,45,1485,693,3,2, 2.0, 5.0, 3.0, 5.0,0,32,32,16, 2.5,0,0,0,0,0,0,0,0,0,0,1,1,0,0,0,0,0,1,0,99,56,112,0,12,8,0,9,22,12,0,328,48
164,160,"",0,0,1,172,1,1,,2012-05-17 00:14:22,2012-05-25 04:51:08,0,66,6,5755614,17837066,10,3885,1215,1313.7,219.6,1087.2,1,0,0,0,0,0,35520,0,4,8,708,1337346345,0,1337536800,0,36000,152535,324,16,401,102,5,133,95,3480,1215,3,2, 2.0, 5.0, 3.0, 5.0,0,66,66,16, 2.5,0,0,0,0,0,0,0,0,0,0,1,1,0,0,0,0,0,1,0,299,56,436,0,98,8,0,10,47,19,1,520,188
176,176,"",5,7,1,172,0,1,2012-05-15 05:00:43,2012-04-20 22:11:27,2012-06-11 17:44:23,0,102,22,34275922,5214491,5,1314400,7123,2672.7,229.3,-1786.6,1,0,59,0,0,0,5000000,0,4,8,708,0,0,1339351200,0,7200,2099273,4341,80,1193,132,269,52,67,3520,6846,1,4, 2.0, 4.8, 3.0, 5.0,0,23,23,16, 2.5,0,0,0,0,0,0,0,0,0,0,111,111,0,0,0,0,0,1,0,299,56,436,0,96,8,1999997396,29,40,15,0,744,88
177,176,"",0,0,0,172,3,1,2012-05-18 22:39:14,2012-04-20 22:46:43,2012-06-09 17:14:13,0,44,2,2521892,19704080,0,1740,864,301.6,270.0,3266.5,1,0,0,0,0,0,35182,0,4,8,708,0,0,1338746400,0,43200,143039,323,80,5,30,10,90,105,1740,864,3,2, 2.0, 5.0, 3.0, 5.0,0,44,44,16, 2.5,0,0,0,0,0,0,0,0,0,0,1,1,0,0,0,0,0,1,0,99,56,196,0,18,8,0,21,2,5,4,968,154
182,176,"",0,0,1,172,0,1,2012-05-18 22:39:20,2012-04-26 02:34:20,2012-06-08 12:03:42,0,42,2,515580,19953998,10,732,1136,1179.5,227.8,757.3,1,0,0,0,0,0,35094,2,24,0,708,0,0,1338746400,0,36000,149995,317,24,401,32,32,89,62,1710,1026,3,2, 2.0, 5.0, 3.0, 5.0,0,42,42,16, 2.5,0,0,0,0,0,0,0,0,0,0,1,1,0,0,0,0,0,1,0,99,56,196,0,98,24,0,18,49,14,2,552,118
183,176,"",0,1,0,172,0,1,2012-05-18 22:39:26,2012-05-04 02:28:32,2012-05-30 09:34:30,0,61,4,2727921,18764366,0,1710,4355,329.2,270.0,3264.5,1,0,0,0,0,0,35279,0,4,0,708,1336544535,0,1338141600,0,21600,128912,281,16,203,51,180,49,40,1710,4200,1,4, 2.0, 4.8, 3.0, 5.0,0,13,13,16, 2.5,0,0,0,0,0,0,0,0,0,0,61,61,0,0,0,0,0,1,0,199,56,316,0,32,8,0,4,21,12,0,104,124
208,208,"",4,6,0,172,1,1,,2012-04-23 00:46:44,2012-06-07 23:29:31,0,51,8,3135036,124158,11,1463,1153,-154.5,227.7,-304.2,1,0,0,0,0,0,34940,0,4,0,708,0,0,1338746400,0,28800,111933,261,16,5,5,5,90,159,1365,1155,3,2, 2.0, 5.2, 3.0, 5.0,0,51,51,16, 2.5,0,0,0,0,0,0,0,0,0,0,1,1,0,0,0,0,0,1,0,299,56,220,0,96,24,0,0,12,15,0,520,18
224,224,"",0,0,0,172,8,1,,2012-04-22 21:07:57,2012-06-14 18:29:46,0,126,31,33711457,3413801,0,15054,2277,-2697.8,379.0,3093.3,1,0,59,0,0,0,35595,0,4,8,708,0,0,1339351200,0,28800,608628,1460,56,401,3,3,446,193,3795,2277,3,2, 2.0, 5.0, 3.0, 5.0,0,126,126,16, 2.5,0,0,0,0,0,0,0,0,0,0,1,1,0,0,0,0,0,1,0,399,56,508,0,96,8,0,55,29,18,2,840,306
240,240,"",0,0,0,172,0,1,,2012-04-22 20:07:15,2012-06-16 06:34:19,0,126,31,27390303,2460301,0,11640,2202,-677.8,285.5,788.0,122,0,0,0,0,0,35933,0,4,8,708,0,0,1339351200,0,43200,644483,1475,48,203,78,5,326,236,4920,2295,3,2, 2.0, 5.0, 3.0, 5.0,0,126,126,16, 2.5,0,0,0,0,0,0,0,0,0,0,1,1,0,0,0,0,0,1,0,399,56,556,0,98,24,49778539,48,49,18,0,360,314
256,256,"",5,7,1,172,0,1,,2012-04-22 23:06:50,2012-06-16 05:51:05,0,130,30,342892,44513653,0,11962,13167,2186.3,319.4,3194.0,1,0,58,0,0,0,34977,0,4,8,708,1339698995,0,1339351200,0,43200,653131,1484,80,797,5,600,55,5,2630,12012,1,4, 2.0, 4.8, 3.0, 5.0,0,27,27,16, 2.5,0,0,0,0,0,0,0,0,0,0,130,130,0,0,0,0,0,1,0,399,56,484,0,96,8,0,64,36,20,0,552,140
272,272,"",5,7,1,172,0,1,,2012-04-23 00:45:28,2012-06-16 08:57:37,0,85,3,19342310,20775430,5,1608,5312,2177.4,233.0,-1774.4,1,0,0,0,0,0,35229,0,4,0,708,1339815628,1,1339351200,0,43200,315022,653,16,5,40,230,125,40,2080,5572,1,4, 2.0, 4.8, 3.0, 5.0,0,18,18,16, 2.5,0,0,0,0,0,0,0,0,0,0,85,85,0,0,0,0,0,1,0,199,56,412,0,96,24,6619765,4,22,14,1,328,128
288,288,"",4,6,1,172,0,1,,2012-04-22 23:56:03,2012-06-16 09:09:07,0,105,30,22802130,25348455,0,15941,2343,1380.4,218.7,-1350.8,1,0,0,0,0,0,35180,0,4,8,708,0,0,1339351200,0,43200,278659,623,16,5,5,5,181,349,2769,2343,3,2, 2.0, 5.2, 3.0, 5.0,0,105,105,16, 2.5,0,0,0,0,0,0,0,0,0,0,1,1,0,0,0,0,0,1,0,399,56,352,0,96,8,3274040,1,25,18,0,552,54
289,288,"",0,0,1,172,0,1,,2012-04-23 03:07:56,2012-06-13 23:51:57,0,5,8,2258,20001694,5,195,117,-2683.9,218.0,1965.7,1,0,0,0,0,0,35000,0,4,0,708,0,0,1339351200,0,21600,22147,65,80,5,5,5,20,5,195,117,3,2, 2.0, 5.0, 3.0, 5.0,0,5,5,16, 2.5,0,0,0,0,0,0,0,0,0,0,1,1,0,0,0,0,0,1,0,299,56,28,0,96,8,0,64,42,1,0,72,34
290,288,"",1,3,1,172,0,1,,2012-06-14 06:32:05,2012-06-14 06:32:07,0,4,0,1691,11969,15,132,132,-1427.7,258.0,948.2,1,0,0,0,0,0,35000,0,4,0,708,0,0,1339351200,0,28800,684,1,16,203,5,5,5,5,132,132,2,3, 2.0, 5.1, 3.0, 5.0,0,3,3,16, 2.5,0,0,0,0,0,0,0,0,0,0,3,3,0,0,0,0,0,1,0,299,56,28,0,96,24,0,0,9,1,0,72,12
304,304,"",0,0,1,172,1,1,,2012-04-23 05:15:24,2012-06-14 19:20:19,0,132,31,57639445,11120074,0,13667,2403,-331.7,218.1,-886.0,1,0,0,0,0,0,36436,0,4,0,708,0,0,1339351200,0,28800,664121,1609,40,203,5,5,472,193,4005,2403,3,2, 2.0, 5.0, 3.0, 5.0,0,132,132,16, 2.5,0,0,0,0,0,0,0,0,0,0,1,1,0,0,0,0,0,1,0,399,56,400,0,96,8,0,25,34,19,2,840,308
320,320,"",2,4,0,172,1,1,,2012-04-23 04:19:17,2012-04-23 04:19:17,0,5,8,9319,20002112,20,220,91,-1444.7,247.5,1322.7,1,0,0,0,0,0,35000,0,4,0,708,0,0,1335117600,0,7200,477,1,16,5,5,5,5,5,221,91,4,1, 2.0, 4.9, 3.0, 5.0,0,5,5,16, 2.5,0,0,0,0,0,0,0,0,0,0,1,1,0,0,0,0,0,1,0,299,56,28,0,2,24,0,0,3,1,0,72,6
336,336,"",4,6,0,172,1,1,,2012-04-26 04:54:34,2012-06-15 22:46:56,0,130,31,8663941,30569625,0,13965,2871,1273.8,219.8,1014.3,1,0,0,0,0,0,33684,0,4,8,708,0,0,1339351200,0,36000,664082,1641,80,1193,3,3,103,556,3393,2871,3,2, 2.0, 5.2, 3.0, 5.0,0,130,130,16, 2.5,0,0,0,0,0,0,0,0,0,0,1,1,0,0,0,0,0,1,0,399,56,400,0,96,8,5220730,77,49,20,2,264,412
337,336,"",5,7,1,172,1,1,2012-05-04 20:51:44,2012-05-03 05:22:32,2012-06-16 00:35:46,0,125,21,75342338,28574668,0,11616,12378,1496.3,219.6,787.0,1,0,0,0,0,0,35663,0,4,0,708,0,0,1339351200,0,36000,475699,1100,80,797,15,566,54,5,2630,11396,1,4, 2.0, 4.8, 3.0, 5.0,0,26,26,16, 2.5,0,0,0,0,0,0,0,0,0,0,125,125,0,0,0,0,0,1,0,399,56,448,0,96,8,0,69,42,21,0,168,264
338,336,"",1,3,1,172,1,1,,2012-05-03 19:58:25,2012-05-29 06:01:42,0,50,3,272511,20273553,0,1486,3701,1274.0,219.8,1009.8,1,0,0,0,0,0,35205,0,4,0,708,0,0,1338141600,0,14400,36696,93,16,797,10,195,35,25,1296,3516,2,3, 2.0, 5.1, 3.0, 5.0,0,31,31,16, 2.5,0,0,0,0,0,0,0,0,0,0,31,31,0,0,0,0,0,1,0,199,56,292,0,96,8,0,9,14,17,0,168,136
339,336,"",0,1,0,172,0,1,,2012-05-26 16:06:41,2012-06-14 23:08:37,0,84,6,22085490,8469611,0,2290,10172,-1563.2,233.2,2142.7,1,2,59,1362,0,0,35366,0,4,8,708,1339492770,0,1339351200,0,28800,122976,319,80,203,20,363,47,5,1860,7406,1,4, 2.0, 4.8, 3.0, 5.0,0,17,17,16, 2.5,0,0,0,0,0,0,0,0,0,0,84,84,0,0,0,0,0,1,0,299,56,292,0,96,24,0,33,30,18,0,200,180
340,336,"",0,0,0,172,0,1,,2012-06-01 23:32:37,2012-06-16 09:11:33,0,86,4,13411040,7279383,0,2831,1501,-1543.7,222.7,2621.6,1,0,0,0,0,0,34995,0,4,0,708,1339830973,1,1339351200,0,43200,142819,350,16,401,47,5,312,81,3255,1575,3,2, 2.0, 5.0, 3.0, 5.0,0,86,86,16, 2.5,0,0,0,0,0,0,0,0,0,0,1,1,0,0,0,0,0,1,0,199,56,376,0,96,24,0,16,45,15,0,424,152
352,352,"",0,0,0,172,0,1,,2012-04-28 00:08:05,2012-06-16 06:51:49,0,127,31,22958836,56136530,5,21422,2272,-2882.9,523.9,-2368.2,1,0,0,0,0,0,36572,0,4,8,708,1339152938,0,1339351200,0,43200,1569478,3595,80,1787,11,5,377,252,3945,2313,3,2, 2.0, 5.0, 3.0, 5.0,0,127,127,16, 2.5,0,0,0,0,0,0,0,0,0,0,1,1,0,0,0,0,0,1,0,399,56,496,0,98,24,120000000,80,51,19,1,168,360
368,368,"",4,6,1,172,2,1,,2012-04-25 05:20:50,2012-06-16 06:13:40,0,130,21,3783256,59272523,0,15026,3003,1269.4,219.8,1002.1,1,0,0,0,0,0,36982,0,4,8,708,0,0,1340560800,0,43200,1165264,3288,80,1787,15,15,155,480,3549,3003,3,2, 2.0, 5.2, 3.0, 5.0,0,130,130,16, 2.5,0,0,0,0,0,0,0,0,0,0,1,1,0,0,0,0,0,1,0,399,56,388,0,96,8,0,72,58,21,1,328,414
369,368,"",0,1,1,172,0,1,,2012-05-15 20:07:16,2012-06-16 00:32:23,0,7,8,17642,20006090,30,170,243,970.4,225.4,3187.3,1,0,0,0,0,0,35001,0,4,0,708,0,0,1339351200,0,36000,1712,7,16,5,5,5,5,5,170,238,1,4, 2.0, 4.8, 3.0, 5.0,0,2,2,16, 2.5,0,0,0,0,0,0,0,0,0,0,7,7,0,0,0,0,0,1,0,299,56,28,0,2,24,0,0,7,3,0,72,8
384,384,"",2,4,0,172,2,1,,2012-05-15 07:57:30,2012-05-15 07:57:30,0,9,8,12609,20008595,0,612,131,-316.0,220.0,2107.4,1,0,0,0,0,0,35000,0,4,0,708,0,0,1336932000,0,14400,4906,10,16,5,20,5,30,5,612,147,4,1, 2.0, 4.9, 3.0, 5.0,0,9,9,16, 2.5,0,0,0,0,0,0,0,0,0,0,1,1,0,0,0,0,0,1,0,299,56,28,0,96,24,0,0,9,3,0,296,10
400,400,"",0,0,0,172,3,1,,2012-04-25 01:41:22,2012-06-16 07:43:37,0,130,21,1087916,9746836,0,20025,2318,-227.3,194.3,46.3,121,0,0,0,0,0,34105,0,4,8,708,0,0,1340560800,0,43200,975053,2714,64,797,175,5,287,198,6495,2367,3,2, 2.0, 5.0, 3.0, 5.0,0,130,130,16, 2.5,0,0,0,0,0,0,0,0,0,0,1,1,0,0,0,0,0,1,0,399,56,496,0,96,72,0,64,50,20,3,40,494
416,416,"",5,7,1,172,1,1,,2012-04-25 05:09:19,2012-06-05 20:40:54,0,8,8,41012,6753,10,290,351,-221.8,242.1,-434.3,1,0,0,0,0,0,34611,0,4,0,708,0,0,1338746400,0,14400,9908,27,16,5,15,10,10,10,290,336,0,0, 0.0, 0.0, 0.0, 0.0,0,2,2,0, 0.0,0,0,0,0,0,0,0,0,0,0,8,8,0,0,0,0,0,1,0,299,56,40,0,8,8,0,0,4,6,0,8,22
417,416,"",1,3,1,172,0,1,,2012-04-25 06:44:54,2012-06-05 20:36:18,0,11,8,20623,5963,30,365,360,-1412.7,253.0,882.3,1,0,0,0,0,0,34602,0,4,0,708,0,0,1338746400,0,14400,4957,25,16,5,10,10,10,10,360,360,0,0, 0.0, 0.0, 0.0, 0.0,0,7,7,0, 0.0,0,0,0,0,0,0,0,0,0,0,7,7,0,0,0,0,0,1,0,299,56,28,0,2,8,0,0,14,6,1,456,12
432,432,"",2,4,0,172,0,1,,2012-04-25 19:13:39,2012-06-16 06:34:05,0,125,30,32349605,2065150,0,7501,1771,1631.3,219.7,816.1,1,0,0,0,0,0,34981,0,4,0,708,0,0,1339351200,0,43200,1187614,2478,16,203,165,5,400,70,7021,1771,4,1, 2.0, 4.9, 3.0, 5.0,0,125,125,16, 2.5,0,0,0,0,0,0,0,0,0,0,1,1,0,0,0,0,0,1,0,399,56,388,0,96,8,0,16,29,14,0,424,62
480,480,"",4,6,0,172,0,1,,2012-04-26 17:25:20,2012-06-13 21:14:09,0,80,3,275296,20685689,5,2659,1665,1268.3,219.8,1147.7,1,0,0,0,0,0,35214,0,4,8,708,0,0,1339351200,0,21600,250629,559,16,203,30,30,105,245,2444,2068,3,2, 2.0, 5.2, 3.0, 5.0,0,80,80,16, 2.5,0,0,0,0,0,0,0,0,0,0,1,1,0,0,0,0,0,1,0,199,56,220,0,96,8,0,0,32,17,1,872,132
512,512,"",2,4,0,172,0,1,,2012-04-26 16:47:19,2012-05-03 03:03:23,0,25,2,60212,20047724,25,1519,371,1432.4,213.1,1071.1,1,0,0,0,0,0,35037,0,4,0,708,0,0,1335722400,0,28800,23394,57,16,5,30,5,65,15,1326,371,4,1, 2.0, 4.9, 3.0, 5.0,0,25,25,16, 2.5,0,0,0,0,0,0,0,0,0,0,1,1,0,0,0,0,0,1,0,99,56,148,0,6,8,439584,2,30,9,1,1032,20
641,640,"",1,3,1,172,0,1,,2012-05-06 18:37:06,2012-06-09 22:12:50,0,50,4,1995107,16593494,52,1381,2726,1267.2,219.8,1039.5,1,0,0,0,0,0,35237,0,4,0,708,0,0,1338746400,0,43200,100595,217,16,401,5,120,44,44,1236,2616,2,3, 2.0, 5.1, 3.0, 5.0,0,31,31,16, 2.5,0,0,0,0,0,0,0,0,0,0,31,31,0,0,0,0,0,1,0,199,56,340,0,38,40,0,0,32,13,0,40,124
657,656,"",5,7,1,172,0,1,,2012-05-06 23:09:55,2012-05-08 21:24:57,0,21,0,244411,20024985,0,500,1706,1277.3,219.6,1295.0,1,0,0,0,0,0,35002,0,4,0,708,0,0,1336327200,0,14400,13621,35,16,5,10,79,20,11,500,1666,1,4, 2.0, 4.8, 3.0, 5.0,0,5,5,16, 2.5,0,0,0,0,0,0,0,0,0,0,21,21,0,0,0,0,0,1,0,299,56,64,0,10,8,0,0,22,11,1,744,12
704,704,"",2,4,0,172,0,1,,2012-05-09 00:57:09,2012-05-15 23:54:59,0,2,0,1748,20000221,5,119,49,-1407.2,236.9,1400.9,1,0,0,0,0,0,35000,0,4,0,708,0,0,1336932000,0,14400,1245,4,16,5,5,5,5,5,119,49,4,1, 2.0, 4.9, 3.0, 5.0,0,2,2,16, 2.5,0,0,0,0,0,0,0,0,0,0,1,1,0,0,0,0,0,1,0,299,56,28,0,2,8,0,0,1,1,0,8,6
720,720,"",5,7,1,172,0,1,,2012-05-09 12:13:03,2012-06-12 07:21:32,0,103,22,42866446,5716249,0,1317441,10769,2487.7,229.7,4269.6,1,0,0,0,0,0,5000082,0,4,8,708,0,0,1339351200,0,14400,2140153,4490,80,995,3,482,40,5,2250,9856,1,4, 2.0, 4.8, 3.0, 5.0,0,23,23,16, 2.5,0,0,0,0,0,0,0,0,0,0,112,112,0,0,0,0,0,1,0,299,56,436,16,96,8,1699997396,15,61,17,1,584,106
736,736,"",4,6,0,172,0,1,,2012-05-09 12:23:42,2012-05-09 12:23:51,0,1,8,0,20000000,0,65,55,-317.0,218.0,-910.0,1,0,0,0,0,0,35000,0,4,0,708,0,0,1336327200,0,21600,870,2,16,5,5,5,5,5,65,55,3,2, 2.0, 5.2, 3.0, 5.0,0,1,1,16, 2.5,0,0,0,0,0,0,0,0,0,0,1,1,0,0,0,0,0,1,0,299,56,40,0,2,8,0,0,0,3,0,8,6
737,736,"",2,4,0,172,0,1,,2012-05-09 12:25:04,2012-05-09 12:25:10,0,1,2,1852586,20368482,5,2524,553,1271.0,219.0,1037.0,1,0,0,0,0,0,35068,0,4,0,708,0,0,1336327200,0,21600,25634,56,16,5,5,5,5,5,1210,553,0,0, 0.0, 0.0, 0.0, 0.0,0,38,38,0, 0.0,0,0,0,0,0,0,0,0,0,0,1,1,0,0,0,0,0,1,0,99,56,124,0,96,8,0,0,20,14,0,168,42
738,736,"",2,4,0,172,0,1,,2012-05-09 12:41:47,2012-06-07 12:49:01,0,111,7,3388984,14642310,15,23321,1169,977.0,225.0,3192.0,1,2,60,4597,0,0,35679,0,4,8,708,0,0,1338746400,0,28800,136389,314,16,599,229,3,279,54,6681,1169,0,0, 0.0, 0.0, 0.0, 0.0,0,83,83,0, 0.0,0,0,0,0,0,0,0,0,0,0,1,1,0,0,0,0,0,1,0,299,56,400,0,96,8,0,14,29,20,0,200,178
752,752,"",5,7,1,172,1,1,,2012-05-09 17:10:17,2012-05-18 19:27:38,0,5,8,17294,20003042,20,130,182,-303.3,218.0,-908.4,1,0,0,0,0,0,35000,0,4,0,708,0,0,1336932000,0,36000,3818,10,16,5,5,5,5,5,130,182,1,4, 2.0, 4.8, 3.0, 5.0,0,2,2,16, 2.5,0,0,0,0,0,0,0,0,0,0,5,5,0,0,0,0,0,1,0,299,56,40,0,2,8,0,0,3,2,0,72,6
768,768,"",0,0,0,172,0,1,,2012-05-10 05:58:39,2012-05-10 05:58:42,0,5,8,6657,20001581,20,195,117,203.3,225.3,2958.9,1,0,0,0,0,0,35000,0,4,0,708,0,0,1336327200,0,28800,1311,3,16,5,5,5,5,5,195,117,3,2, 2.0, 5.0, 3.0, 5.0,0,5,5,16, 2.5,0,0,0,0,0,0,0,0,0,0,1,1,0,0,0,0,0,1,0,299,56,28,0,2,8,0,0,6,1,0,72,6
785,784,"",2,4,0,172,0,1,,2012-05-15 06:37:19,2012-06-06 21:04:24,0,72,6,11106210,3847653,0,4329,1006,-574.3,557.4,160.4,1,0,0,0,0,0,35224,0,4,8,708,0,0,1338746400,0,21600,203368,470,16,203,64,5,211,95,3502,1029,4,1, 2.0, 4.9, 3.0, 5.0,0,72,72,16, 2.5,0,0,0,0,0,0,0,0,0,0,1,1,0,0,0,0,0,1,0,299,56,364,0,96,8,0,15,31,20,0,456,164
786,784,"",0,0,0,172,1,1,2012-05-26 00:27:49,2012-05-26 00:22:29,2012-05-26 21:09:08,0,25,2,377697,20076828,0,1275,507,637.7,256.1,1277.3,1,0,0,0,0,0,35054,0,4,0,708,0,0,1337536800,0,43200,9636,20,16,5,41,5,65,29,1335,477,3,2, 2.0, 5.0, 3.0, 5.0,0,25,25,16, 2.5,0,0,0,0,0,0,0,0,0,0,1,1,0,0,0,0,0,1,0,99,56,112,0,10,8,0,0,23,7,0,72,30
787,784,"",0,0,0,172,0,1,,2012-06-03 08:53:03,2012-06-03 08:53:06,0,1,0,0,0,0,75,45,306.7,270.0,3269.3,1,0,0,0,0,0,34600,0,4,0,708,0,0,1338141600,0,50400,873,2,16,5,5,5,5,5,75,45,0,0, 0.0, 0.0, 0.0, 0.0,0,1,1,0, 0.0,0,0,0,0,0,0,0,0,0,0,1,1,0,0,0,0,0,1,0,299,56,28,0,2,8,0,0,0,1,0,8,6
788,784,"",2,4,0,172,0,1,,2012-05-30 10:46:12,2012-05-30 11:11:07,0,1,0,0,20000000,0,85,35,-1428.6,247.9,1182.8,1,0,0,0,0,0,35000,0,4,0,708,0,0,1338141600,0,21600,465,4,16,5,5,5,5,5,85,35,4,1, 2.0, 4.9, 3.0, 5.0,0,1,1,16, 2.5,0,0,0,0,0,0,0,0,0,0,1,1,0,0,0,0,0,1,0,299,56,28,0,2,8,0,0,0,1,0,8,6
801,800,"",5,7,1,172,0,1,,2012-05-15 07:35:05,2012-06-03 03:39:31,0,35,2,1354752,19910661,5,980,2069,1281.0,219.6,979.7,1,0,0,0,0,0,35079,0,4,0,708,0,0,1338141600,0,50400,45714,96,16,5,30,96,29,30,980,2296,1,4, 2.0, 4.8, 3.0, 5.0,0,8,8,16, 2.5,0,0,0,0,0,0,0,0,0,0,35,35,0,0,0,0,0,1,0,99,56,184,0,96,8,100000,16,17,11,1,424,54
803,800,"",0,1,1,172,0,1,,2012-05-24 05:18:42,2012-06-10 20:52:27,0,76,4,9925897,22471619,0,2130,6925,2408.2,234.6,-782.2,1,0,0,0,0,0,35268,0,4,0,708,0,0,1338746400,0,50400,186397,387,16,5,20,315,40,20,1700,6510,1,4, 2.0, 4.8, 3.0, 5.0,0,16,16,16, 2.5,0,0,0,0,0,0,0,0,0,0,76,76,0,0,0,0,0,1,0,199,56,220,0,96,8,0,10,19,14,0,72,120
816,816,"",5,7,1,172,1,1,,2012-05-16 00:44:04,2012-06-16 01:19:38,0,50,5,606886,32921,245,1080,1470,1587.9,224.1,833.0,1,0,0,0,0,0,34983,0,4,0,708,0,0,1339351200,0,43200,92333,221,16,5,5,5,5,5,1030,1442,1,4, 2.0, 4.8, 3.0, 5.0,0,11,11,16, 2.5,0,0,0,0,0,0,0,0,0,0,50,50,0,0,0,0,0,1,0,99,56,292,0,96,8,0,0,13,4,0,40,124
817,816,"",0,0,1,172,0,3,2012-06-16 01:19:34,2012-06-03 08:45:09,2012-06-16 01:18:45,0,4,0,13634,0,15,165,99,222.0,219.0,2854.1,1,0,0,0,0,0,34600,0,4,0,708,0,0,1339351200,0,43200,932,4,16,5,5,5,5,5,165,99,3,2, 2.0, 5.0, 3.0, 5.0,0,4,4,16, 2.5,0,0,0,0,0,0,0,0,0,0,1,1,0,0,0,0,0,1,0,299,56,28,0,2,8,0,0,2,1,0,40,8
818,816,"",0,0,0,172,0,3,2012-06-16 01:19:27,2012-06-03 08:50:49,2012-06-03 08:50:51,0,4,0,12282,2051,15,165,99,220.4,219.0,2852.3,1,0,0,0,0,0,34601,0,4,0,708,0,0,1338141600,0,50400,904,3,16,5,5,5,5,5,165,99,0,0, 0.0, 0.0, 0.0, 0.0,0,4,4,0, 0.0,0,0,0,0,0,0,0,0,0,0,1,1,0,0,0,0,0,1,0,299,56,28,0,2,8,0,0,2,1,0,40,8
832,832,"",5,7,1,172,0,1,,2012-05-16 01:09:52,2012-06-03 04:46:07,0,52,2,4540927,6197114,0,1460,3847,1631.3,219.7,816.1,1,0,0,0,0,0,35082,0,4,0,708,0,0,1340560800,0,43200,2465199,236,16,5,30,160,70,15,1320,3668,1,4, 2.0, 4.8, 3.0, 5.0,0,11,11,16, 2.5,0,0,0,0,0,0,0,0,0,0,52,52,0,0,0,0,0,1,0,99,56,100,0,96,8,0,0,20,13,0,168,62
848,848,"",4,6,1,172,0,1,,2012-05-30 12:55:18,2012-06-09 17:23:06,0,12,0,107776,20021578,5,366,89,-80.7,224.3,-1748.9,1,0,0,0,0,0,35005,0,4,0,708,0,0,1338746400,0,43200,3666,18,16,5,5,5,10,50,351,297,3,2, 2.0, 5.2, 3.0, 5.0,0,12,12,16, 2.5,0,0,0,0,0,0,0,0,0,0,1,1,0,0,0,0,0,1,0,299,56,52,0,2,24,0,0,7,14,1,328,20
864,864,"",0,0,0,172,0,1,,2012-06-05 19:54:10,2012-06-08 22:08:48,0,17,0,217472,56162,64,585,333,1473.1,223.8,3350.3,1,0,0,0,0,0,35013,0,4,0,708,0,0,1338746400,0,36000,37210,78,16,5,5,5,16,10,555,333,3,2, 2.0, 5.0, 3.0, 5.0,0,17,17,16, 2.5,0,0,0,0,0,0,0,0,0,0,1,1,0,0,0,0,0,1,0,299,56,76,0,8,8,0,0,31,10,2,904,50
865,864,"",4,6,1,172,5,1,,2012-06-09 00:40:40,2012-06-11 15:00:38,0,10,0,7919,20563,30,299,253,-306.4,222.9,-1995.9,1,0,0,0,0,0,35004,0,4,0,708,0,0,1339351200,0,7200,4226,11,16,5,5,5,5,20,299,253,3,2, 2.0, 5.2, 3.0, 5.0,0,10,10,16, 2.5,0,0,0,0,0,0,0,0,0,0,1,1,0,0,0,0,0,1,0,299,56,40,0,2,8,0,0,15,3,1,104,16
866,864,"",0,0,0,172,14,1,,2012-06-11 15:17:55,2012-06-16 06:29:29,0,30,2,257189,358629,47,1150,567,965.7,232.2,3165.1,1,0,0,0,0,0,35126,0,4,8,708,0,0,1339351200,0,43200,96254,202,80,401,5,5,61,47,945,567,3,2, 2.0, 5.0, 3.0, 5.0,0,30,30,16, 2.5,0,0,0,0,0,0,0,0,0,0,1,1,0,0,0,0,0,1,0,99,56,148,0,98,24,0,14,46,17,1,712,162
880,880,"",5,7,1,172,7,1,,2012-04-21 10:24:31,2012-06-13 14:46:18,0,113,30,20894866,13666005,0,12532,6275,734.1,192.8,-474.4,121,0,0,0,0,0,36747,0,4,8,708,0,0,1339351200,0,21600,1554020,1526,16,1589,85,327,80,88,3260,4882,1,4, 2.0, 4.8, 3.0, 5.0,5000,24,24,16, 2.5,0,0,0,0,0,0,0,0,0,0,119,119,0,0,0,0,0,1,0,399,56,700,0,96,8,0,10,54,18,0,72,372
896,896,"",1,3,1,172,0,1,,2012-05-16 21:58:34,2012-06-16 00:04:50,0,63,3,3274081,22891950,36,1918,3713,487.1,259.0,3239.1,1,0,0,0,0,0,35213,0,4,0,708,0,0,1339351200,0,43200,223467,486,40,1193,20,164,100,10,1728,3456,2,3, 2.0, 5.1, 3.0, 5.0,0,38,38,16, 2.5,0,0,0,0,0,0,0,0,0,0,38,38,0,0,0,0,0,1,0,199,56,292,0,96,8,1000000,25,23,15,0,8,136
912,912,"",1,3,1,172,0,1,,2012-05-19 00:11:38,2012-06-03 07:18:25,0,15,0,120003,23494,40,448,561,-1445.6,219.3,2642.0,1,0,0,0,0,0,34601,0,4,0,708,0,0,1338141600,0,50400,11238,27,16,203,10,20,15,5,456,576,0,0, 0.0, 0.0, 0.0, 0.0,0,10,10,0, 0.0,0,0,0,0,0,0,0,0,0,0,10,10,0,0,0,0,0,1,0,299,56,28,0,2,8,0,0,3,2,0,328,14
913,912,"",4,6,1,172,0,1,,2012-05-19 07:36:37,2012-06-03 07:50:53,0,4,0,13635,2143,15,143,121,-325.2,218.0,-903.7,1,0,0,0,0,0,34601,0,4,0,708,0,0,1338141600,0,50400,1696,8,16,5,5,5,5,5,143,121,0,0, 0.0, 0.0, 0.0, 0.0,0,4,4,0, 0.0,0,0,0,0,0,0,0,0,0,0,1,1,0,0,0,0,0,1,0,299,56,40,0,2,8,0,0,3,3,0,40,8
914,912,"",5,7,1,172,0,1,,2012-05-19 07:47:41,2012-06-03 07:25:48,0,50,0,314014,1235108,15,1280,3752,-768.3,221.6,-1284.2,1,0,0,0,0,0,34602,0,4,0,708,0,0,1338141600,0,50400,54588,114,16,5,30,170,45,5,1280,3752,0,0, 0.0, 0.0, 0.0, 0.0,0,11,11,0, 0.0,0,0,0,0,0,0,0,0,0,0,50,50,0,0,0,0,0,1,0,299,56,40,0,4,8,0,0,6,2,0,264,10
1040,1040,"",5,7,0,172,0,1,,2012-05-21 16:35:06,2012-05-30 21:21:30,0,6,0,14180,20003852,0,150,560,-722.4,219.1,-1221.7,1,0,0,0,0,0,35003,0,4,0,708,0,0,1338141600,0,21600,1525,5,16,5,5,30,5,5,150,560,1,4, 2.0, 4.8, 3.0, 5.0,0,2,2,16, 2.5,0,0,0,0,0,0,0,0,0,0,6,6,0,0,0,0,0,1,0,299,56,40,0,2,8,0,0,1,4,0,72,10
1056,1056,"",5,7,1,172,0,1,,2012-05-23 06:25:23,2012-05-24 06:09:23,0,50,0,40,226554,245,1030,1056,-775.7,222.0,-1289.3,1,0,0,0,0,0,34960,0,4,0,708,0,0,1337536800,0,28800,45987,98,16,5,5,5,5,5,1030,1442,0,0, 0.0, 0.0, 0.0, 0.0,0,11,11,0, 0.0,0,0,0,0,0,0,0,0,0,0,50,50,0,0,0,0,0,1,0,299,56,40,0,2,8,0,0,4,2,0,264,10
1057,1056,"",5,7,1,172,0,1,,2012-06-03 10:16:42,2012-06-03 10:16:48,0,5,0,1739,2337,20,130,182,-315.2,218.0,-906.3,1,0,0,0,0,0,34601,0,4,0,708,0,0,1338141600,0,50400,488,3,16,5,5,5,5,5,130,182,0,0, 0.0, 0.0, 0.0, 0.0,0,2,2,0, 0.0,0,0,0,0,0,0,0,0,0,0,5,5,0,0,0,0,0,1,0,299,56,40,0,2,8,0,0,2,2,0,104,8
1058,1056,"",5,7,1,172,0,1,,2012-06-03 10:22:11,2012-06-03 10:22:14,0,4,0,11380,1960,15,110,154,-315.1,218.0,-906.3,1,0,0,0,0,0,34601,0,4,0,708,0,0,1338141600,0,50400,460,3,16,5,5,5,5,5,110,154,0,0, 0.0, 0.0, 0.0, 0.0,0,1,1,0, 0.0,0,0,0,0,0,0,0,0,0,0,4,4,0,0,0,0,0,1,0,299,56,40,0,2,8,0,0,2,2,0,40,8
1059,1056,"",5,7,1,172,0,1,,2012-06-03 22:31:28,2012-06-03 22:32:19,0,1,0,0,0,0,50,70,-318.0,218.0,-910.0,1,0,0,0,0,0,34600,0,4,0,708,0,0,1338141600,0,50400,367,3,16,5,5,5,5,5,50,70,0,0, 0.0, 0.0, 0.0, 0.0,0,1,1,0, 0.0,0,0,0,0,0,0,0,0,0,0,1,1,0,0,0,0,0,1,0,299,56,40,0,2,8,0,0,0,2,0,8,6
1060,1056,"",5,7,1,172,0,1,,2012-06-03 22:31:38,2012-06-03 22:33:43,0,1,0,0,0,0,50,70,-318.0,218.0,-910.0,1,0,0,0,0,0,34600,0,4,0,708,0,0,1338141600,0,50400,351,3,16,5,5,5,5,5,50,70,0,0, 0.0, 0.0, 0.0, 0.0,0,1,1,0, 0.0,0,0,0,0,0,0,0,0,0,0,1,1,0,0,0,0,0,1,0,299,56,40,0,2,8,0,0,0,2,0,8,6
1061,1056,"",0,0,0,172,0,1,,2012-06-03 22:31:44,2012-06-03 22:36:22,0,1,0,0,0,0,75,45,217.0,218.5,2838.0,1,0,0,0,0,0,34600,0,4,0,708,0,0,1338141600,0,50400,1103,3,16,5,5,5,5,5,75,45,0,0, 0.0, 0.0, 0.0, 0.0,0,1,1,0, 0.0,0,0,0,0,0,0,0,0,0,0,1,1,0,0,0,0,0,1,0,299,56,28,0,2,8,0,0,0,1,0,8,6
1062,1056,"",5,7,1,172,0,1,,2012-06-03 22:31:54,2012-06-03 22:34:49,0,1,0,0,0,0,50,70,-318.0,218.0,-910.0,1,0,0,0,0,0,34600,0,4,0,708,0,0,1338141600,0,50400,336,3,16,5,5,5,5,5,50,70,0,0, 0.0, 0.0, 0.0, 0.0,0,1,1,0, 0.0,0,0,0,0,0,0,0,0,0,0,1,1,0,0,0,0,0,1,0,299,56,40,0,2,8,0,0,0,2,0,8,6
1063,1056,"",5,7,1,172,0,1,,2012-06-03 22:32:14,2012-06-03 22:35:37,0,1,0,0,0,0,50,70,-318.0,218.0,-910.0,1,0,0,0,0,0,34600,0,4,0,708,0,0,1338141600,0,50400,333,3,16,5,5,5,5,5,50,70,0,0, 0.0, 0.0, 0.0, 0.0,0,1,1,0, 0.0,0,0,0,0,0,0,0,0,0,0,1,1,0,0,0,0,0,1,0,299,56,40,0,2,8,0,0,0,2,0,8,6
1072,1072,"",5,7,0,172,0,1,,2012-05-23 20:21:50,2012-05-24 06:06:47,0,50,0,77018,1218705,245,1030,1442,-766.1,221.8,-1341.0,1,0,0,0,0,0,34962,0,4,0,708,0,0,1337536800,0,28800,34685,72,16,5,5,5,5,5,1030,1442,1,4, 2.0, 4.8, 3.0, 5.0,0,11,11,16, 2.5,0,0,0,0,0,0,0,0,0,0,50,50,0,0,0,0,0,1,0,299,56,40,0,2,8,0,0,8,2,1,392,10
1073,1072,"",5,7,0,172,0,1,,2012-06-03 19:23:11,2012-06-03 19:23:13,0,5,0,3092,2428,20,130,182,-314.4,218.0,-894.1,1,0,0,0,0,0,34601,0,4,0,708,0,0,1338141600,0,50400,465,3,16,5,5,5,5,5,130,182,0,0, 0.0, 0.0, 0.0, 0.0,0,2,2,0, 0.0,0,0,0,0,0,0,0,0,0,0,5,5,0,0,0,0,0,1,0,299,56,40,0,2,24,0,0,2,2,0,104,8
1074,1072,"",5,7,0,172,0,1,,2012-06-03 19:28:14,2012-06-03 23:09:10,0,5,0,837,2245,20,130,182,-318.3,218.0,-892.3,1,0,0,0,0,0,34601,0,4,0,708,0,0,1338141600,0,50400,490,5,16,5,5,5,5,5,130,182,1,4, 2.0, 4.8, 3.0, 5.0,0,2,2,16, 2.5,0,0,0,0,0,0,0,0,0,0,5,5,0,0,0,0,0,1,0,299,56,40,0,2,8,0,0,2,2,0,104,8
1075,1072,"",0,0,0,172,0,1,,2012-06-03 23:04:07,2012-06-03 23:09:44,0,1,0,0,0,0,75,45,217.0,218.5,2838.0,1,0,0,0,0,0,34600,0,4,0,708,0,0,1338141600,0,50400,762,3,16,5,5,5,5,5,75,45,0,0, 0.0, 0.0, 0.0, 0.0,0,1,1,0, 0.0,0,0,0,0,0,0,0,0,0,0,1,1,0,0,0,0,0,1,0,299,56,28,0,2,8,0,0,0,1,0,8,6
1076,1072,"",0,0,0,172,0,1,,2012-06-03 23:04:12,2012-06-03 23:10:40,0,1,0,0,0,0,75,45,217.0,218.5,2838.0,1,0,0,0,0,0,34600,0,4,0,708,0,0,1338141600,0,50400,758,3,16,5,5,5,5,5,75,45,0,0, 0.0, 0.0, 0.0, 0.0,0,1,1,0, 0.0,0,0,0,0,0,0,0,0,0,0,1,1,0,0,0,0,0,1,0,299,56,28,0,2,8,0,0,0,1,0,8,6
1077,1072,"",0,0,0,172,0,1,,2012-06-03 23:04:17,2012-06-03 23:11:32,0,1,0,0,0,0,75,45,217.0,218.5,2838.0,1,0,0,0,0,0,34600,0,4,0,708,0,0,1338141600,0,50400,753,3,16,5,5,5,5,5,75,45,0,0, 0.0, 0.0, 0.0, 0.0,0,1,1,0, 0.0,0,0,0,0,0,0,0,0,0,0,1,1,0,0,0,0,0,1,0,299,56,28,0,2,8,0,0,0,1,0,8,6
1078,1072,"",0,0,0,172,0,1,,2012-06-03 23:04:21,2012-06-03 23:12:20,0,1,0,0,0,0,75,45,217.0,218.5,2838.0,1,0,0,0,0,0,34600,0,4,0,708,0,0,1338141600,0,50400,753,3,16,5,5,5,5,5,75,45,0,0, 0.0, 0.0, 0.0, 0.0,0,1,1,0, 0.0,0,0,0,0,0,0,0,0,0,0,1,1,0,0,0,0,0,1,0,299,56,28,0,2,8,0,0,0,1,0,8,6
1079,1072,"",0,0,0,172,0,1,,2012-06-03 23:04:26,2012-06-03 23:13:06,0,1,0,0,0,0,75,45,217.0,218.5,2838.0,1,0,0,0,0,0,34600,0,4,0,708,0,0,1338141600,0,50400,752,3,16,5,5,5,5,5,75,45,0,0, 0.0, 0.0, 0.0, 0.0,0,1,1,0, 0.0,0,0,0,0,0,0,0,0,0,0,1,1,0,0,0,0,0,1,0,299,56,28,0,2,8,0,0,0,1,0,8,6
1088,1088,"",5,7,1,172,0,1,,2012-05-23 20:22:37,2012-06-03 08:02:47,0,45,0,3084020,866595,220,930,572,-769.7,222.0,-1285.5,1,0,0,0,0,0,34602,0,4,0,708,0,0,1338141600,0,50400,31195,66,16,5,5,5,5,5,930,1302,0,0, 0.0, 0.0, 0.0, 0.0,0,10,10,0, 0.0,0,0,0,0,0,0,0,0,0,0,45,45,0,0,0,0,0,1,0,299,56,40,0,2,8,0,0,6,2,0,328,8
1104,1104,"",0,1,0,172,0,1,,2012-05-24 02:38:30,2012-06-14 23:21:01,0,35,2,23951,20087270,19,930,3021,367.2,283.9,3185.8,1,0,0,0,0,0,35097,0,4,0,708,0,0,1339351200,0,28800,46630,108,16,5,10,135,20,6,780,2842,1,4, 2.0, 4.8, 3.0, 5.0,0,8,8,16, 2.5,0,0,0,0,0,0,0,0,0,0,35,35,0,0,0,0,0,1,0,99,56,136,0,96,8,0,2,20,15,0,40,54
1120,1120,"",0,1,1,172,64,1,,2012-06-02 07:20:24,2012-06-16 02:28:51,0,114,30,20517536,351011,35,12710,6520,1219.9,231.0,994.0,1,2,59,7517,0,0,35319,0,4,8,708,0,0,1339351200,0,43200,223492,551,80,1193,201,289,54,6,3150,5642,1,4, 2.0, 4.8, 3.0, 5.0,0,12,12,16, 2.5,0,0,0,0,0,0,0,0,0,0,58,58,0,0,0,0,0,1,0,199,56,388,0,96,8,0,55,39,19,2,1000,184
1121,1120,"",4,6,0,172,25,1,,2012-06-03 18:23:15,2012-06-08 06:20:23,0,9,0,16893,20011017,5,273,231,-534.6,225.7,-1489.7,1,0,0,0,0,0,35004,0,4,0,708,0,0,1338746400,0,36000,4488,11,16,5,5,5,5,40,273,231,3,2, 2.0, 5.2, 3.0, 5.0,0,9,9,16, 2.5,0,0,0,0,0,0,0,0,0,0,1,1,0,0,0,0,0,1,0,299,56,40,0,2,8,0,0,14,7,1,328,16
1136,1136,"",4,6,0,172,0,1,,2012-05-26 04:34:41,2012-05-26 04:36:50,0,1,0,0,20000000,0,65,55,-317.0,218.0,-910.0,1,0,0,0,0,0,35000,0,0,0,0,0,0,1156093200,0,21600,858,1,16,5,5,5,5,5,65,55,0,0, 0.0, 0.0, 0.0, 0.0,0,1,1,0, 0.0,0,0,0,0,0,0,0,0,0,0,1,1,0,0,0,0,0,1,0,299,56,40,0,2,8,0,0,0,3,0,0,0
1152,1152,"",1,3,1,172,0,1,,2012-05-26 08:03:04,2012-06-16 04:08:03,0,61,2,2755622,1484518,0,1656,4079,1860.7,230.3,703.1,1,0,0,0,0,0,34698,0,4,8,708,0,0,1339351200,0,43200,332346,721,72,797,5,200,95,20,1500,3840,2,3, 2.0, 5.1, 3.0, 5.0,0,37,37,16, 2.5,0,0,0,0,0,0,0,0,0,0,37,37,0,0,0,0,0,1,0,99,56,184,0,96,24,0,62,63,16,0,232,102
1153,1152,"",5,7,1,172,0,1,,2012-06-03 19:39:25,2012-06-03 19:39:27,0,4,0,12283,2051,15,110,154,-314.4,218.0,-894.1,1,0,0,0,0,0,34601,0,4,0,708,0,0,1338141600,0,50400,576,3,16,5,5,5,5,5,110,154,0,0, 0.0, 0.0, 0.0, 0.0,0,1,1,0, 0.0,0,0,0,0,0,0,0,0,0,0,4,4,0,0,0,0,0,1,0,299,56,40,0,2,8,0,0,2,2,0,40,8
1154,1152,"",5,7,1,172,0,1,,2012-06-03 19:46:56,2012-06-03 19:47:41,0,5,0,736,2235,20,130,182,-315.8,218.0,-898.2,1,0,0,0,0,0,34601,0,4,0,708,0,0,1338141600,0,50400,534,3,16,5,5,5,5,5,130,182,0,0, 0.0, 0.0, 0.0, 0.0,0,2,2,0, 0.0,0,0,0,0,0,0,0,0,0,0,5,5,0,0,0,0,0,1,0,299,56,40,0,2,24,0,0,2,2,0,104,8
1155,1152,"",5,7,1,172,0,1,,2012-06-03 19:53:50,2012-06-03 19:53:52,0,1,0,0,0,0,50,70,-310.9,218.0,-898.1,1,0,0,0,0,0,34600,0,4,0,708,0,0,1338141600,0,50400,341,3,16,5,5,5,5,5,50,70,0,0, 0.0, 0.0, 0.0, 0.0,0,1,1,0, 0.0,0,0,0,0,0,0,0,0,0,0,1,1,0,0,0,0,0,1,0,299,56,40,0,2,8,0,0,0,2,0,8,6
1156,1152,"",5,7,1,172,0,1,,2012-06-03 19:57:28,2012-06-03 19:58:14,0,1,0,0,0,0,50,70,-312.3,218.0,-896.2,1,0,0,0,0,0,34600,0,4,0,708,0,0,1338141600,0,50400,345,3,16,5,5,5,5,5,50,70,0,0, 0.0, 0.0, 0.0, 0.0,0,1,1,0, 0.0,0,0,0,0,0,0,0,0,0,0,1,1,0,0,0,0,0,1,0,299,56,40,0,2,8,0,0,0,2,0,8,6
1157,1152,"",5,7,1,172,0,1,,2012-06-03 19:57:48,2012-06-03 19:59:11,0,1,0,0,0,0,50,70,-312.0,218.0,-896.3,1,0,0,0,0,0,34600,0,4,0,708,0,0,1338141600,0,50400,337,3,16,5,5,5,5,5,50,70,0,0, 0.0, 0.0, 0.0, 0.0,0,1,1,0, 0.0,0,0,0,0,0,0,0,0,0,0,1,1,0,0,0,0,0,1,0,299,56,40,0,2,8,0,0,0,2,0,8,6
1158,1152,"",5,7,1,172,0,1,,2012-06-03 19:57:57,2012-06-03 20:00:01,0,1,0,0,20000000,0,50,70,-312.3,218.0,-896.2,1,0,0,0,0,0,35000,0,4,0,708,0,0,1338141600,0,50400,351,3,16,5,5,5,5,5,50,70,1,4, 2.0, 4.8, 3.0, 5.0,0,1,1,16, 2.5,0,0,0,0,0,0,0,0,0,0,1,1,0,0,0,0,0,1,0,299,56,40,0,2,8,0,0,0,2,0,8,6
1159,1152,"",5,7,1,172,0,1,,2012-06-03 19:58:08,2012-06-03 20:01:06,0,1,0,0,0,0,50,70,-312.3,218.0,-897.7,1,0,0,0,0,0,34600,0,4,0,708,0,0,1338141600,0,50400,340,3,16,5,5,5,5,5,50,70,0,0, 0.0, 0.0, 0.0, 0.0,0,1,1,0, 0.0,0,0,0,0,0,0,0,0,0,0,1,1,0,0,0,0,0,1,0,299,56,40,0,2,8,0,0,0,2,0,8,6
1184,1184,"",2,4,0,172,0,1,,2012-05-27 00:28:23,2012-05-27 00:32:04,0,3,0,5450,20000816,10,153,63,-1432.4,244.8,1371.6,1,0,0,0,0,0,35000,0,4,0,708,0,0,1337536800,0,43200,464,3,16,5,5,5,5,5,153,63,4,1, 2.0, 4.9, 3.0, 5.0,0,3,3,16, 2.5,0,0,0,0,0,0,0,0,0,0,1,1,0,0,0,0,0,1,0,299,56,28,0,2,8,0,0,0,1,0,8,6
1232,1232,"",0,0,1,172,0,1,,2012-05-29 03:38:40,2012-05-29 03:38:44,0,9,0,28017,20010141,5,315,189,303.2,270.1,3394.0,1,0,0,0,0,0,35006,0,4,0,708,0,0,1338141600,0,14400,2039,4,16,5,5,5,40,5,315,189,3,2, 2.0, 5.0, 3.0, 5.0,0,9,9,16, 2.5,0,0,0,0,0,0,0,0,0,0,1,1,0,0,0,0,0,1,0,299,56,28,0,4,8,0,0,9,3,1,72,18
1248,1248,"",2,4,0,172,0,1,,2012-05-29 01:39:57,2012-05-29 01:39:58,0,3,0,440,20000408,10,153,63,-1420.7,238.5,1392.8,1,0,0,0,0,0,35000,0,4,0,708,0,0,1338141600,0,14400,296,1,16,5,5,5,5,5,153,63,4,1, 2.0, 4.9, 3.0, 5.0,0,3,3,16, 2.5,0,0,0,0,0,0,0,0,0,0,1,1,0,0,0,0,0,1,0,299,56,28,0,2,8,0,0,0,1,0,8,6
1264,1264,"",5,7,1,172,0,1,,2012-06-14 19:34:11,2012-06-14 19:34:12,0,2,0,2765,10612,5,70,98,-329.2,218.1,-885.8,1,0,0,0,0,0,35000,0,4,0,708,0,0,1339351200,0,28800,445,3,16,5,5,5,5,5,70,98,1,4, 2.0, 4.8, 3.0, 5.0,0,1,1,16, 2.5,0,0,0,0,0,0,0,0,0,0,2,2,0,0,0,0,0,1,0,299,56,40,0,2,8,0,0,1,2,0,8,6
1266,1264,"",0,0,0,172,0,1,2012-06-03 22:28:23,2012-05-29 10:59:17,2012-06-10 16:37:49,0,29,2,365164,1766496,0,950,549,1205.2,230.2,777.0,1,0,0,0,0,0,34689,0,4,8,708,0,0,1338746400,0,50400,44561,124,16,5,5,5,100,50,915,549,3,2, 2.0, 5.0, 3.0, 5.0,0,29,29,16, 2.5,0,0,0,0,0,0,0,0,0,0,1,1,0,0,0,0,0,1,0,99,56,100,0,96,8,0,0,21,9,0,136,34
1268,1264,"",0,0,0,172,0,1,,2012-05-30 15:15:20,2012-06-09 04:16:47,0,50,2,205244,914012,5,1715,927,1279.3,219.6,1009.1,1,0,0,0,0,0,34685,0,4,0,708,0,0,1338746400,0,43200,128161,330,16,5,5,5,183,67,1545,927,3,2, 2.0, 5.0, 3.0, 5.0,0,50,50,16, 2.5,0,0,0,0,0,0,0,0,0,0,1,1,0,0,0,0,0,1,0,99,56,88,0,96,8,0,14,22,10,0,296,52
1284,1280,"",0,0,0,172,0,1,,2012-05-31 06:29:41,2012-06-06 14:44:09,0,63,5,918982,8901527,6,1738,1045,532.5,243.3,-1575.1,1,0,0,0,0,0,35170,0,4,8,708,0,0,1338746400,0,21600,143759,342,16,203,5,5,157,157,1935,1161,3,2, 2.0, 5.0, 3.0, 5.0,0,63,63,16, 2.5,0,0,0,0,0,0,0,0,0,0,1,1,0,0,0,0,0,1,0,199,56,292,0,96,24,0,5,39,15,0,104,160
1296,1296,"",0,0,1,172,0,1,,2012-05-30 18:56:51,2012-06-08 11:15:00,0,39,2,775772,565285,76,1435,729,1285.4,219.6,1139.3,1,0,0,0,0,0,34670,0,4,0,708,0,0,1338746400,0,36000,85849,184,16,5,5,5,94,30,1215,729,3,2, 2.0, 5.0, 3.0, 5.0,0,39,39,16, 2.5,0,0,0,0,0,0,0,0,0,0,1,1,0,0,0,0,0,1,0,99,56,148,0,96,8,0,0,20,13,0,136,40
1312,1312,"",0,0,0,172,0,1,,2012-05-30 23:25:45,2012-05-31 00:04:21,0,6,0,26179,15004602,5,230,135,483.4,259.0,3243.4,1,0,0,0,0,0,34902,0,4,0,708,0,0,1338141600,0,21600,2612,7,16,5,5,5,20,10,225,135,0,0, 0.0, 0.0, 0.0, 0.0,0,6,6,0, 0.0,0,0,0,0,0,0,0,0,0,0,1,1,0,0,0,0,0,1,0,299,56,28,0,2,24,0,0,5,11,0,72,12
1331,1328,"",0,0,0,172,0,1,,2012-06-04 04:16:40,2012-06-16 04:20:11,0,9,0,23626,28178,0,315,189,327.7,222.1,3081.5,1,0,0,0,0,0,35001,0,4,0,708,0,0,1339351200,0,43200,2495,9,16,5,5,5,45,5,315,189,3,2, 2.0, 5.0, 3.0, 5.0,0,9,9,16, 2.5,0,0,0,0,0,0,0,0,0,0,1,1,0,0,0,0,0,1,0,299,56,28,0,2,8,0,0,18,1,0,232,8
1344,1344,"",0,0,0,172,1,1,,2012-06-02 00:15:12,2012-05-30 11:29:21,0,8,0,11206,20004726,35,285,171,-731.3,219.1,-1258.5,1,0,0,0,0,0,35000,0,4,0,708,0,0,1338141600,0,21600,3928,14,16,5,5,5,5,5,285,171,3,2, 2.0, 5.0, 3.0, 5.0,0,8,8,16, 2.5,0,0,0,0,0,0,0,0,0,0,1,1,0,0,0,0,0,1,0,299,56,28,0,96,24,0,0,1,1,0,136,10
1361,1360,"",0,0,0,172,0,1,,2012-06-02 01:44:29,2012-06-02 17:27:41,0,8,0,49731,20006871,35,147,171,592.9,214.5,3264.4,1,0,0,0,0,0,35001,0,4,0,708,0,0,1338141600,0,43200,4389,10,16,5,5,5,5,5,285,171,3,2, 2.0, 5.0, 3.0, 5.0,0,8,8,16, 2.5,0,0,0,0,0,0,0,0,0,0,1,1,0,0,0,0,0,1,0,299,56,28,0,2,8,0,0,7,2,0,296,14
1376,1376,"",0,0,0,172,0,1,2012-05-30 09:32:44,2012-06-02 05:00:26,2012-06-02 05:00:30,0,7,0,13762,20005449,5,345,198,554.8,218.2,3207.2,1,0,0,0,0,0,35002,0,4,0,708,0,0,1338141600,0,43200,1749,4,16,5,11,10,15,9,345,198,3,2, 2.0, 5.0, 3.0, 5.0,0,7,7,16, 2.5,0,0,0,0,0,0,0,0,0,0,1,1,0,0,0,0,0,1,0,299,56,28,0,2,8,0,0,2,4,0,104,12
1377,1376,"",2,4,0,172,0,1,,2012-06-02 05:37:20,2012-06-10 21:36:36,0,40,3,890625,19809050,0,3412,788,-674.3,392.9,2762.3,1,0,0,0,0,0,35221,0,4,0,708,0,0,1338746400,0,50400,88731,212,16,5,75,21,95,24,2601,693,4,1, 2.0, 4.9, 3.0, 5.0,0,40,40,16, 2.5,0,0,0,0,0,0,0,0,0,0,1,1,0,0,0,0,0,1,0,199,56,256,0,28,24,0,0,15,12,1,8,100
1392,1392,"",4,6,0,172,0,1,,2012-06-02 06:45:48,2012-06-11 06:07:46,0,69,2,7786250,22968937,5,2053,1551,936.9,220.0,3276.1,1,0,0,0,0,0,35040,0,4,0,708,0,0,1339351200,0,7200,102466,213,16,5,5,5,67,278,1833,1551,3,2, 2.0, 5.2, 3.0, 5.0,0,69,69,16, 2.5,0,0,0,0,0,0,0,0,0,0,1,1,0,0,0,0,0,1,0,99,56,136,0,28,8,0,0,25,14,0,328,34
1393,1392,"",1,3,1,172,0,1,,2012-06-03 09:55:23,2012-06-03 16:01:59,0,4,0,10204,20001867,15,132,132,-1449.9,246.2,1364.1,1,0,0,0,0,0,35000,0,4,0,708,0,0,1338141600,0,50400,553,5,16,5,5,5,5,5,132,132,2,3, 2.0, 5.1, 3.0, 5.0,0,3,3,16, 2.5,0,0,0,0,0,0,0,0,0,0,3,3,0,0,0,0,0,1,0,299,56,28,0,2,8,0,0,5,1,0,72,6
1396,1392,"",2,4,0,172,0,1,,2012-06-03 16:49:13,2012-06-03 16:51:09,0,1,0,0,0,0,85,35,-1428.7,247.9,1178.6,1,0,0,0,0,0,34600,0,4,0,708,0,0,1338141600,0,50400,321,2,16,5,5,5,5,5,85,35,0,0, 0.0, 0.0, 0.0, 0.0,0,1,1,0, 0.0,0,0,0,0,0,0,0,0,0,0,1,1,0,0,0,0,0,1,0,299,56,28,0,2,8,0,0,0,1,0,8,6
1397,1392,"",2,4,0,172,0,1,,2012-06-03 16:49:19,2012-06-03 16:52:11,0,1,0,0,0,0,85,35,-1429.0,247.9,1177.8,1,0,0,0,0,0,34600,0,4,0,708,0,0,1338141600,0,50400,322,2,16,5,5,5,5,5,85,35,0,0, 0.0, 0.0, 0.0, 0.0,0,1,1,0, 0.0,0,0,0,0,0,0,0,0,0,0,1,1,0,0,0,0,0,1,0,299,56,28,0,2,8,0,0,0,1,0,8,6
1398,1392,"",2,4,0,172,0,1,,2012-06-03 16:49:26,2012-06-03 16:57:12,0,1,0,0,0,0,85,35,-1429.5,247.9,1178.6,1,0,0,0,0,0,34600,0,4,0,708,0,0,1338141600,0,50400,333,3,16,5,5,5,5,5,85,35,0,0, 0.0, 0.0, 0.0, 0.0,0,1,1,0, 0.0,0,0,0,0,0,0,0,0,0,0,1,1,0,0,0,0,0,1,0,299,56,28,0,2,8,0,0,0,1,0,8,6
1399,1392,"",2,4,0,172,0,1,,2012-06-03 16:49:34,2012-06-06 00:56:25,0,1,0,0,0,0,85,35,-1448.3,253.0,1056.0,1,0,0,0,0,0,34600,0,4,0,708,0,0,1338746400,0,21600,1317,5,16,5,5,5,5,5,85,35,4,1, 2.0, 4.9, 3.0, 5.0,0,1,1,16, 2.5,0,0,0,0,0,0,0,0,0,0,1,1,0,0,0,0,0,1,0,299,56,28,0,2,8,0,0,0,1,0,8,6
1408,1408,"",5,7,1,172,0,1,,2012-06-02 08:22:00,2012-06-16 01:41:07,0,77,5,13411134,12135711,10,2560,6457,495.8,223.2,190.8,1,0,0,0,0,0,35291,0,4,8,708,1339163077,0,1339351200,0,43200,125985,268,16,203,50,275,60,5,2020,5978,1,4, 2.0, 4.8, 3.0, 5.0,0,16,16,16, 2.5,0,0,0,0,0,0,0,0,0,0,77,77,0,0,0,0,0,1,0,199,56,400,0,96,8,0,0,55,17,0,680,166
1409,1408,"",1,3,1,172,0,1,,2012-06-15 16:50:03,2012-06-15 16:50:05,0,1,0,0,10000,0,60,60,-1441.0,242.1,1383.0,1,0,0,0,0,0,35000,0,4,0,708,0,0,1339351200,0,36000,211,1,16,5,5,5,5,5,60,60,2,3, 2.0, 5.1, 3.0, 5.0,0,1,1,16, 2.5,0,0,0,0,0,0,0,0,0,0,1,1,0,0,0,0,0,1,0,299,56,28,0,2,8,0,0,0,1,0,8,6
1413,1408,"",2,4,0,172,0,1,,2012-06-03 09:20:39,2012-06-03 16:55:34,0,1,0,0,20000000,0,85,35,-1428.5,247.9,1179.1,1,0,0,0,0,0,35000,0,4,0,708,0,0,1338141600,0,50400,378,3,16,5,5,5,5,5,85,35,4,1, 2.0, 4.9, 3.0, 5.0,0,1,1,16, 2.5,0,0,0,0,0,0,0,0,0,0,1,1,0,0,0,0,0,1,0,299,56,28,0,2,8,0,0,0,1,0,8,6
1414,1408,"",0,0,0,172,0,1,,2012-06-03 09:20:44,2012-06-03 16:09:40,0,1,0,0,20000000,0,75,45,331.9,270.0,3265.1,1,0,0,0,0,0,35000,0,4,0,708,0,0,1338141600,0,50400,836,3,16,5,5,5,5,5,75,45,3,2, 2.0, 5.0, 3.0, 5.0,0,1,1,16, 2.5,0,0,0,0,0,0,0,0,0,0,1,1,0,0,0,0,0,1,0,299,56,28,0,2,8,0,0,0,1,0,8,6
1415,1408,"",2,4,0,172,0,1,,2012-06-03 09:20:50,2012-06-03 16:10:17,0,1,0,0,20000000,0,85,35,-1427.8,247.9,1178.4,1,0,0,0,0,0,35000,0,4,0,708,0,0,1338141600,0,50400,327,2,16,5,5,5,5,5,85,35,4,1, 2.0, 4.9, 3.0, 5.0,0,1,1,16, 2.5,0,0,0,0,0,0,0,0,0,0,1,1,0,0,0,0,0,1,0,299,56,28,0,2,8,0,0,0,1,0,8,6
1440,1440,"",2,4,0,172,0,1,,2012-06-02 07:19:27,2012-06-10 15:45:54,0,24,0,143249,20113205,0,1050,357,-568.3,256.6,-128.7,1,0,0,0,0,0,35004,0,4,0,708,0,0,1338746400,0,50400,6827,26,16,5,30,5,73,27,1292,357,4,1, 2.0, 4.9, 3.0, 5.0,0,24,24,16, 2.5,0,0,0,0,0,0,0,0,0,0,1,1,0,0,0,0,0,1,0,299,56,28,0,4,8,0,0,21,7,3,936,20
1472,1472,"",4,6,0,172,0,1,,2012-06-03 03:34:56,2012-06-06 02:09:20,0,36,0,1048893,363029,10,710,825,1794.2,284.0,2147.2,1,0,0,0,0,0,34602,0,4,0,708,0,0,1338746400,0,21600,16101,39,16,5,5,5,10,165,975,825,3,2, 2.0, 5.2, 3.0, 5.0,0,36,36,16, 2.5,0,0,0,0,0,0,0,0,0,0,1,1,0,0,0,0,0,1,0,299,56,40,0,2,8,0,0,11,2,1,392,8
1473,1472,"",5,7,0,172,0,1,,2012-06-03 20:11:38,2012-06-03 20:11:38,0,1,0,0,20000000,0,50,70,-318.0,218.0,-910.0,1,0,0,0,0,0,35000,0,0,0,0,0,0,1156093200,0,21600,293,1,16,5,5,5,5,5,50,70,0,0, 0.0, 0.0, 0.0, 0.0,0,1,1,0, 0.0,0,0,0,0,0,0,0,0,0,0,1,1,0,0,0,0,0,1,0,299,56,40,0,2,8,0,0,0,2,0,0,0
1474,1472,"",5,7,0,172,0,1,,2012-06-03 20:11:50,2012-06-03 20:11:50,0,1,0,0,20000000,0,50,70,-318.0,218.0,-910.0,1,0,0,0,0,0,35000,0,0,0,0,0,0,1156093200,0,21600,293,1,16,5,5,5,5,5,50,70,0,0, 0.0, 0.0, 0.0, 0.0,0,1,1,0, 0.0,0,0,0,0,0,0,0,0,0,0,1,1,0,0,0,0,0,1,0,299,56,40,0,2,8,0,0,0,2,0,0,0
1478,1472,"",5,7,0,172,0,1,,2012-06-03 20:13:22,2012-06-03 20:13:22,0,1,0,0,20000000,0,50,70,-318.0,218.0,-910.0,1,0,0,0,0,0,35000,0,0,0,0,0,0,1156093200,0,21600,293,1,16,5,5,5,5,5,50,70,0,0, 0.0, 0.0, 0.0, 0.0,0,1,1,0, 0.0,0,0,0,0,0,0,0,0,0,0,1,1,0,0,0,0,0,1,0,299,56,40,0,2,8,0,0,0,2,0,0,0
1488,1488,"",2,4,0,172,1,1,,2012-06-03 05:37:56,2012-06-09 22:36:32,0,111,30,35040715,3656094,5,11331,588,2633.0,252.0,4166.0,1,0,0,0,0,0,35243,0,4,8,708,1339000682,0,1338746400,0,43200,95023,203,48,1391,60,5,312,88,2210,525,0,0, 0.0, 0.0, 0.0, 0.0,0,36,36,0, 0.0,0,0,0,0,0,0,0,0,0,0,1,1,0,0,0,0,0,1,0,99,56,436,0,96,8,0,30,31,19,0,456,170
1504,1504,"",1,3,1,172,0,1,,2012-06-03 10:15:22,2012-06-03 19:40:08,0,16,0,121276,20035509,75,48,408,1008.5,223.0,1033.7,1,0,0,0,0,0,35002,0,4,0,708,0,0,1338141600,0,50400,-367799,12,16,5,5,5,5,5,420,420,2,3, 2.0, 5.1, 3.0, 5.0,0,10,10,16, 2.5,0,0,0,0,0,0,0,0,0,0,10,10,0,0,0,0,0,1,0,299,56,28,0,96,24,0,0,16,4,0,264,22
1568,1568,"",4,6,1,172,0,1,,2012-05-30 11:23:46,2012-06-10 15:28:08,0,23,0,155211,20110016,5,267,539,-1362.2,252.7,-2414.7,1,0,0,0,0,0,35002,0,4,0,708,0,0,1338746400,0,50400,6091,40,16,5,5,5,40,75,637,539,3,2, 2.0, 5.2, 3.0, 5.0,0,23,23,16, 2.5,0,0,0,0,0,0,0,0,0,0,1,1,0,0,0,0,0,1,0,299,56,52,0,2,8,0,0,28,13,0,328,12
1584,1584,"",0,0,0,172,0,1,,2012-05-30 15:35:34,2012-06-03 20:15:44,0,24,1,157457,20105098,25,765,459,221.0,218.9,2846.2,1,0,0,0,0,0,35016,0,4,8,708,1338736300,1,1338141600,0,50400,12813,29,16,203,5,5,60,40,765,459,3,2, 2.0, 5.0, 3.0, 5.0,0,24,24,16, 2.5,0,0,0,0,0,0,0,0,0,0,1,1,0,0,0,0,0,1,0,99,56,28,0,96,8,0,0,7,2,0,328,16
1585,1584,"",2,4,0,172,0,1,,2012-06-03 15:27:26,2012-06-07 08:56:43,0,1,0,0,20000000,0,85,35,-1417.0,248.6,1126.3,1,0,0,0,0,0,35000,0,4,0,708,0,0,1338746400,0,28800,329,2,16,5,5,5,5,5,85,35,4,1, 2.0, 4.9, 3.0, 5.0,0,1,1,16, 2.5,0,0,0,0,0,0,0,0,0,0,1,1,0,0,0,0,0,1,0,299,56,28,0,2,8,0,0,0,1,0,8,6
1586,1584,"",2,4,0,172,0,1,,2012-06-03 15:27:34,2012-06-03 17:03:01,0,1,0,0,20000000,0,85,35,-1442.0,242.2,1383.0,1,0,0,0,0,0,35000,0,4,0,708,0,0,1338141600,0,50400,258,1,16,5,5,5,5,5,85,35,4,1, 2.0, 4.9, 3.0, 5.0,0,1,1,16, 2.5,0,0,0,0,0,0,0,0,0,0,1,1,0,0,0,0,0,1,0,299,56,28,0,2,8,0,0,0,1,0,8,6
1587,1584,"",2,4,0,172,0,1,,2012-06-03 15:27:41,2012-06-03 15:27:41,0,1,0,0,20000000,0,85,35,-1442.0,242.0,1383.0,1,0,0,0,0,0,35000,0,0,0,0,0,0,1155488400,0,7200,240,0,16,5,5,5,5,5,85,35,0,0, 0.0, 0.0, 0.0, 0.0,0,1,1,0, 0.0,0,0,0,0,0,0,0,0,0,0,1,1,0,0,0,0,0,1,0,299,56,28,0,2,8,0,0,0,1,0,0,0
1588,1584,"",2,4,0,172,0,1,,2012-06-03 15:27:47,2012-06-03 15:27:47,0,1,0,0,20000000,0,85,35,-1442.0,242.0,1383.0,1,0,0,0,0,0,35000,0,0,0,0,0,0,1155488400,0,7200,240,0,16,5,5,5,5,5,85,35,0,0, 0.0, 0.0, 0.0, 0.0,0,1,1,0, 0.0,0,0,0,0,0,0,0,0,0,0,1,1,0,0,0,0,0,1,0,299,56,28,0,2,8,0,0,0,1,0,0,0
1589,1584,"",2,4,0,172,0,1,,2012-06-03 15:27:53,2012-06-03 15:27:53,0,1,0,0,20000000,0,85,35,-1442.0,242.0,1383.0,1,0,0,0,0,0,35000,0,0,0,0,0,0,1155488400,0,7200,240,0,16,5,5,5,5,5,85,35,0,0, 0.0, 0.0, 0.0, 0.0,0,1,1,0, 0.0,0,0,0,0,0,0,0,0,0,0,1,1,0,0,0,0,0,1,0,299,56,28,0,2,8,0,0,0,1,0,0,0
1590,1584,"",2,4,0,172,0,1,,2012-06-03 15:28:00,2012-06-03 15:28:00,0,1,0,0,20000000,0,85,35,-1442.0,242.0,1383.0,1,0,0,0,0,0,35000,0,0,0,0,0,0,1155488400,0,7200,240,0,16,5,5,5,5,5,85,35,0,0, 0.0, 0.0, 0.0, 0.0,0,1,1,0, 0.0,0,0,0,0,0,0,0,0,0,0,1,1,0,0,0,0,0,1,0,299,56,28,0,2,8,0,0,0,1,0,0,0
1591,1584,"",2,4,0,172,0,1,,2012-06-03 15:28:08,2012-06-07 08:57:15,0,1,0,0,20000000,0,85,35,-1429.0,247.9,1177.2,1,0,0,0,0,0,35000,0,4,0,708,0,0,1338746400,0,28800,304,1,16,5,5,5,5,5,85,35,4,1, 2.0, 4.9, 3.0, 5.0,0,1,1,16, 2.5,0,0,0,0,0,0,0,0,0,0,1,1,0,0,0,0,0,1,0,299,56,28,0,2,8,0,0,0,1,0,8,6
1601,1600,"",4,6,0,172,0,1,,2012-06-03 19:33:13,2012-06-03 22:07:14,0,6,0,1806,20003437,0,325,91,1325.0,253.9,223.2,1,0,0,0,0,0,35000,0,4,0,708,0,0,1338141600,0,50400,4125,8,16,5,15,10,5,15,325,220,3,2, 2.0, 5.2, 3.0, 5.0,0,6,6,16, 2.5,0,0,0,0,0,0,0,0,0,0,1,1,0,0,0,0,0,1,0,299,56,40,0,4,24,0,0,1,3,0,136,6
1602,1600,"",0,0,0,172,0,1,,2012-06-03 22:25:41,2012-06-04 16:35:52,0,15,0,48550,20032564,0,570,115,984.1,218.9,4189.4,1,0,0,0,0,0,35001,0,4,0,708,0,0,1338746400,0,7200,7658,17,16,5,40,5,25,20,1020,297,3,2, 2.0, 5.0, 3.0, 5.0,0,15,15,16, 2.5,0,0,0,0,0,0,0,0,0,0,1,1,0,0,0,0,0,1,0,299,56,40,0,2,24,0,0,20,7,0,200,10
1603,1600,"",0,0,0,172,0,1,,2012-06-04 16:03:05,2012-06-04 16:03:09,0,8,0,6073,14847,5,285,171,390.4,214.5,3161.1,1,0,0,0,0,0,35000,0,4,0,708,0,0,1338746400,0,7200,3951,9,16,5,5,5,35,5,285,171,3,2, 2.0, 5.0, 3.0, 5.0,0,8,8,16, 2.5,0,0,0,0,0,0,0,0,0,0,1,1,0,0,0,0,0,1,0,299,56,40,0,2,24,0,0,6,3,0,136,6
1616,1616,"",2,4,0,172,0,3,2012-06-10 22:13:52,2012-06-03 16:10:26,2012-06-10 20:45:46,0,1,0,0,0,0,85,35,-1432.2,247.9,1170.7,1,0,0,0,0,0,34600,0,4,0,708,0,0,1338746400,0,50400,428,5,16,5,5,5,5,5,85,35,4,1, 2.0, 4.9, 3.0, 5.0,0,1,1,16, 2.5,0,0,0,0,0,0,0,0,0,0,1,1,0,0,0,0,0,1,0,299,56,28,0,2,8,0,0,0,1,0,8,6
1617,1616,"",2,4,0,172,0,3,2012-06-10 22:13:56,2012-06-03 17:08:19,2012-06-03 17:09:24,0,1,0,0,20000000,0,85,35,-1422.8,247.8,1187.9,1,0,0,0,0,0,35000,0,4,0,708,0,0,1338141600,0,50400,319,1,16,5,5,5,5,5,85,35,4,1, 2.0, 4.9, 3.0, 5.0,0,1,1,16, 2.5,0,0,0,0,0,0,0,0,0,0,1,1,0,0,0,0,0,1,0,299,56,28,0,2,8,0,0,0,1,0,8,6
1618,1616,"",0,0,0,172,0,1,,2012-06-03 17:14:56,2012-06-11 03:26:34,0,43,2,1063375,20473597,5,1415,801,948.5,254.2,3202.6,1,0,0,0,0,0,35055,0,4,0,708,1338736841,0,1339351200,0,7200,26691,55,16,203,5,5,145,70,1335,801,3,2, 2.0, 5.0, 3.0, 5.0,0,43,43,16, 2.5,0,0,0,0,0,0,0,0,0,0,1,1,0,0,0,0,0,1,0,99,56,148,0,96,8,0,0,15,15,0,200,34
1632,1632,"",1,3,1,172,0,1,,2012-06-15 16:51:28,2012-06-15 17:46:35,0,4,0,3527,12612,15,132,132,-1425.3,258.0,948.1,1,0,0,0,0,0,35001,0,4,0,708,0,0,1339351200,0,36000,1776,7,16,5,5,5,5,5,132,132,2,3, 2.0, 5.1, 3.0, 5.0,0,3,3,16, 2.5,0,0,0,0,0,0,0,0,0,0,3,3,0,0,0,0,0,1,0,299,56,28,0,96,8,0,0,0,2,0,104,14
1648,1648,"",0,0,0,172,0,1,,2012-06-04 02:50:16,2012-06-04 03:15:04,0,3,0,2945,0,10,135,81,201.4,217.3,2900.4,1,0,0,0,0,0,34600,0,4,0,708,0,0,1338746400,0,7200,935,4,16,5,5,5,5,5,135,81,0,0, 0.0, 0.0, 0.0, 0.0,0,3,3,0, 0.0,0,0,0,0,0,0,0,0,0,0,1,1,0,0,0,0,0,1,0,299,56,28,0,2,8,0,0,0,1,0,72,6
1649,1648,"",0,0,0,172,0,1,,2012-06-04 02:50:22,2012-06-04 02:57:36,0,1,0,0,0,0,75,45,217.0,218.5,2838.0,1,0,0,0,0,0,34600,0,4,0,708,0,0,1338746400,0,7200,763,3,16,5,5,5,5,5,75,45,0,0, 0.0, 0.0, 0.0, 0.0,0,1,1,0, 0.0,0,0,0,0,0,0,0,0,0,0,1,1,0,0,0,0,0,1,0,299,56,28,0,2,8,0,0,0,1,0,8,6
1650,1648,"",0,0,0,172,0,1,,2012-06-04 02:50:29,2012-06-04 02:58:35,0,1,0,0,0,0,75,45,217.0,218.5,2838.0,1,0,0,0,0,0,34600,0,4,0,708,0,0,1338746400,0,7200,793,3,16,5,5,5,5,5,75,45,0,0, 0.0, 0.0, 0.0, 0.0,0,1,1,0, 0.0,0,0,0,0,0,0,0,0,0,0,1,1,0,0,0,0,0,1,0,299,56,28,0,2,8,0,0,0,1,0,8,6
1651,1648,"",0,0,0,172,0,1,,2012-06-04 02:50:34,2012-06-04 03:00:08,0,1,0,0,0,0,75,45,217.0,218.5,2838.0,1,0,0,0,0,0,34600,0,4,0,708,0,0,1338746400,0,7200,795,3,16,5,5,5,5,5,75,45,0,0, 0.0, 0.0, 0.0, 0.0,0,1,1,0, 0.0,0,0,0,0,0,0,0,0,0,0,1,1,0,0,0,0,0,1,0,299,56,28,0,2,8,0,0,0,1,0,8,6
1652,1648,"",0,0,0,172,0,1,,2012-06-04 02:50:42,2012-06-04 03:01:44,0,1,0,0,0,0,75,45,217.0,218.5,2838.0,1,0,0,0,0,0,34600,0,4,0,708,0,0,1338746400,0,7200,785,3,16,5,5,5,5,5,75,45,0,0, 0.0, 0.0, 0.0, 0.0,0,1,1,0, 0.0,0,0,0,0,0,0,0,0,0,0,1,1,0,0,0,0,0,1,0,299,56,28,0,2,8,0,0,0,1,0,8,6
1653,1648,"",0,0,0,172,0,1,,2012-06-04 02:50:49,2012-06-04 03:03:04,0,1,0,0,0,0,75,45,217.0,218.5,2838.0,1,0,0,0,0,0,34600,0,4,0,708,0,0,1338746400,0,7200,972,4,16,5,5,5,5,5,75,45,0,0, 0.0, 0.0, 0.0, 0.0,0,1,1,0, 0.0,0,0,0,0,0,0,0,0,0,0,1,1,0,0,0,0,0,1,0,299,56,28,0,2,8,0,0,0,1,0,8,6
1654,1648,"",0,0,0,172,0,1,,2012-06-04 02:50:56,2012-06-04 03:07:32,0,1,0,0,0,0,75,45,217.0,218.5,2838.0,1,0,0,0,0,0,34600,0,4,0,708,0,0,1338746400,0,7200,852,3,16,5,5,5,5,5,75,45,0,0, 0.0, 0.0, 0.0, 0.0,0,1,1,0, 0.0,0,0,0,0,0,0,0,0,0,0,1,1,0,0,0,0,0,1,0,299,56,28,0,2,8,0,0,0,1,0,8,6
1655,1648,"",0,0,0,172,0,1,,2012-06-04 02:51:02,2012-06-04 03:09:59,0,1,0,0,0,0,75,45,217.8,218.6,2838.3,1,0,0,0,0,0,34600,0,4,0,708,0,0,1338746400,0,7200,849,4,16,5,5,5,5,5,75,45,0,0, 0.0, 0.0, 0.0, 0.0,0,1,1,0, 0.0,0,0,0,0,0,0,0,0,0,0,1,1,0,0,0,0,0,1,0,299,56,28,0,2,8,0,0,0,1,0,8,6
1664,1664,"",0,0,0,172,0,1,,2012-06-04 03:20:59,2012-06-04 03:57:45,0,1,0,0,10000,0,75,45,226.3,218.9,2846.2,1,0,0,0,0,0,35000,0,4,0,708,0,0,1338746400,0,7200,856,5,16,5,5,5,5,5,75,45,3,2, 2.0, 5.0, 3.0, 5.0,0,1,1,16, 2.5,0,0,0,0,0,0,0,0,0,0,1,1,0,0,0,0,0,1,0,299,56,28,0,2,8,0,0,0,1,0,8,6
1665,1664,"",0,0,0,172,0,1,,2012-06-04 03:21:06,2012-06-04 03:59:01,0,1,0,0,10000,0,75,45,223.2,219.0,2850.0,1,0,0,0,0,0,35000,0,4,0,708,0,0,1338746400,0,7200,843,5,16,5,5,5,5,5,75,45,3,2, 2.0, 5.0, 3.0, 5.0,0,1,1,16, 2.5,0,0,0,0,0,0,0,0,0,0,1,1,0,0,0,0,0,1,0,299,56,28,0,2,8,0,0,0,1,0,8,6
1666,1664,"",0,0,0,172,0,1,,2012-06-04 03:21:13,2012-06-04 03:59:51,0,1,0,0,10000,0,75,45,224.3,218.9,2848.3,1,0,0,0,0,0,35000,0,4,0,708,0,0,1338746400,0,7200,862,5,16,5,5,5,5,5,75,45,3,2, 2.0, 5.0, 3.0, 5.0,0,1,1,16, 2.5,0,0,0,0,0,0,0,0,0,0,1,1,0,0,0,0,0,1,0,299,56,28,0,2,8,0,0,0,1,0,8,6
1667,1664,"",0,0,0,172,0,1,,2012-06-04 03:21:19,2012-06-04 04:01:08,0,1,0,0,10000,0,75,45,223.7,218.9,2848.1,1,0,0,0,0,0,35000,0,4,0,708,0,0,1338746400,0,7200,875,6,16,5,5,5,5,5,75,45,3,2, 2.0, 5.0, 3.0, 5.0,0,1,1,16, 2.5,0,0,0,0,0,0,0,0,0,0,1,1,0,0,0,0,0,1,0,299,56,28,0,2,8,0,0,0,1,0,8,6
1668,1664,"",0,0,0,172,0,1,,2012-06-04 03:21:24,2012-06-04 04:03:14,0,1,0,0,10000,0,75,45,224.5,219.0,2849.9,1,0,0,0,0,0,35000,0,4,0,708,0,0,1338746400,0,7200,839,5,16,5,5,5,5,5,75,45,3,2, 2.0, 5.0, 3.0, 5.0,0,1,1,16, 2.5,0,0,0,0,0,0,0,0,0,0,1,1,0,0,0,0,0,1,0,299,56,28,0,2,8,0,0,0,1,0,8,6
1669,1664,"",0,0,0,172,0,1,,2012-06-04 03:21:29,2012-06-04 04:04:28,0,1,0,0,10000,0,75,45,224.4,218.9,2848.3,1,0,0,0,0,0,35000,0,4,0,708,0,0,1338746400,0,7200,821,5,16,5,5,5,5,5,75,45,3,2, 2.0, 5.0, 3.0, 5.0,0,1,1,16, 2.5,0,0,0,0,0,0,0,0,0,0,1,1,0,0,0,0,0,1,0,299,56,28,0,2,8,0,0,0,1,0,8,6
1670,1664,"",0,0,0,172,0,1,,2012-06-04 03:21:34,2012-06-04 04:05:36,0,1,0,0,10000,0,75,45,224.8,218.9,2848.8,1,0,0,0,0,0,35000,0,4,0,708,0,0,1338746400,0,7200,820,5,16,5,5,5,5,5,75,45,3,2, 2.0, 5.0, 3.0, 5.0,0,1,1,16, 2.5,0,0,0,0,0,0,0,0,0,0,1,1,0,0,0,0,0,1,0,299,56,28,0,2,8,0,0,0,1,0,8,6
1671,1664,"",0,0,0,172,0,1,,2012-06-04 03:21:41,2012-06-04 04:06:24,0,2,0,1505,10204,5,105,63,225.8,218.9,2846.5,1,0,0,0,0,0,35000,0,4,0,708,0,0,1338746400,0,7200,862,5,16,5,5,5,5,5,105,63,3,2, 2.0, 5.0, 3.0, 5.0,0,2,2,16, 2.5,0,0,0,0,0,0,0,0,0,0,1,1,0,0,0,0,0,1,0,299,56,28,0,2,8,0,0,0,1,0,8,6
1696,1696,"",0,0,0,172,0,1,,2012-06-04 04:26:03,2012-06-04 04:26:04,0,3,0,5450,10816,10,135,81,223.6,219.0,2854.1,1,0,0,0,0,0,35000,0,4,0,708,0,0,1338746400,0,7200,1107,5,16,5,5,5,5,5,135,81,3,2, 2.0, 5.0, 3.0, 5.0,0,3,3,16, 2.5,0,0,0,0,0,0,0,0,0,0,1,1,0,0,0,0,0,1,0,299,56,28,0,2,8,0,0,1,0,0,8,6
1714,1712,"",4,6,1,172,3,1,,2012-06-05 21:22:31,2012-06-10 21:14:11,0,80,6,2652326,1153349,0,3739,1793,2672.5,228.0,-1781.9,1,0,0,0,0,0,38224,0,4,8,708,0,0,1338746400,0,50400,150079,339,16,203,5,5,80,325,2119,1793,3,2, 2.0, 5.2, 3.0, 5.0,0,80,80,16, 2.5,0,0,0,0,0,0,0,0,0,0,1,1,0,0,0,0,0,1,0,299,56,316,0,96,8,0,15,24,19,0,72,144
1744,1744,"",0,1,1,172,0,1,,2012-06-05 04:49:58,2012-06-16 05:14:33,0,73,1,999878,11313894,0,1639,5601,-1499.9,345.5,1272.6,1,0,0,0,0,0,35013,0,4,0,708,1338901401,0,1339351200,0,43200,126299,260,16,5,20,310,40,10,1640,6356,1,4, 2.0, 4.8, 3.0, 5.0,0,15,15,16, 2.5,0,0,0,0,0,0,0,0,0,0,73,73,0,0,0,0,0,1,0,99,56,40,0,96,8,0,13,21,14,0,264,28
1745,1744,"",5,7,1,172,0,1,,2012-06-16 04:56:25,2012-06-16 04:56:27,0,1,0,0,10000,0,50,70,-1813.5,524.0,-1310.6,1,0,0,0,0,0,35000,0,4,0,708,0,0,1339351200,0,43200,1364,4,16,5,5,5,5,5,50,70,1,4, 2.0, 4.8, 3.0, 5.0,0,1,1,16, 2.5,0,0,0,0,0,0,0,0,0,0,1,1,0,0,0,0,0,1,0,299,56,40,0,2,8,0,0,0,2,0,8,6
1776,1776,"",0,0,0,172,0,1,,2012-06-05 11:02:22,2012-06-16 08:10:43,0,98,6,14141308,12360699,0,6340,1753,-1644.1,223.8,2793.3,1,0,0,0,0,0,35482,0,4,0,708,0,0,1339351200,0,43200,224853,464,40,203,52,5,240,208,3690,1791,3,2, 2.0, 5.0, 3.0, 5.0,0,98,98,16, 2.5,0,0,0,0,0,0,0,0,0,0,1,1,0,0,0,0,0,1,0,299,56,376,0,96,56,20378353,40,42,13,0,392,194
1792,1792,"",0,1,0,172,1,1,,2012-06-05 13:31:32,2012-06-16 01:39:03,0,90,8,146313,6943694,0,2720,8672,-2678.0,218.1,2018.2,1,0,0,0,0,0,35917,0,4,0,708,1339789514,1,1339351200,0,43200,269465,583,40,203,30,378,52,5,2080,7784,1,4, 2.0, 4.8, 3.0, 5.0,0,19,19,16, 2.5,0,0,0,0,0,0,0,0,0,0,90,90,0,0,0,0,0,1,0,299,56,388,0,96,24,80000000,27,45,14,0,168,232
1793,1792,"",4,6,0,172,0,1,,2012-06-09 00:18:05,2012-06-16 02:24:36,0,40,2,238613,88340,5,0,0,557.9,221.3,19.3,1,0,0,0,0,0,35118,0,4,0,708,0,0,1339351200,0,43200,38585,80,16,5,25,5,60,120,1339,913,3,2, 2.0, 5.2, 3.0, 5.0,0,40,40,16, 2.5,0,0,0,0,0,0,0,0,0,0,1,1,0,0,0,0,0,1,0,99,56,160,0,96,8,0,2,28,14,1,104,60
1808,1808,"",1,3,1,172,0,1,,2012-06-06 23:55:56,2012-06-06 23:56:01,0,9,0,273,20951,25,276,365,-1525.0,259.0,749.7,1,0,0,0,0,0,35000,0,4,0,708,0,0,1338746400,0,28800,4505,9,16,203,7,14,7,7,276,360,2,3, 2.0, 5.1, 3.0, 5.0,0,6,6,16, 2.5,0,0,0,0,0,0,0,0,0,0,6,6,0,0,0,0,0,1,0,299,56,28,0,2,24,0,0,8,3,0,264,12
1824,1824,"",4,6,0,172,0,1,,2012-06-14 14:27:03,2012-06-16 09:10:58,0,45,0,1093963,1781551,15,889,1023,2244.1,267.8,3165.4,1,0,0,0,0,0,35000,0,4,8,708,1339820251,1,1339351200,0,43200,31460,68,16,5,5,5,40,175,1209,1023,3,2, 2.0, 5.2, 3.0, 5.0,0,45,45,16, 2.5,0,0,0,0,0,0,0,0,0,0,1,1,0,0,0,0,0,1,0,299,56,40,0,96,8,0,0,16,17,0,392,10
1904,1904,"",4,6,0,172,0,1,,2012-06-08 08:06:42,2012-06-15 18:33:11,0,66,6,7105575,5921187,40,0,0,1379.9,217.9,-1238.2,1,0,0,0,0,0,35517,0,4,0,708,0,0,1339351200,0,43200,433401,879,80,203,5,5,80,215,1755,1485,3,2, 2.0, 5.2, 3.0, 5.0,0,66,66,16, 2.5,0,0,0,0,0,0,0,0,0,0,1,1,0,0,0,0,0,1,0,299,56,256,0,96,8,0,46,53,16,1,520,198
1920,1920,"",0,1,1,172,0,1,,2012-06-08 07:40:49,2012-06-09 17:43:26,0,1,0,0,10000,0,50,70,302.6,270.0,3267.5,1,0,0,0,0,0,35000,0,4,0,708,0,0,1338746400,0,43200,1764,7,16,5,5,5,5,5,50,70,1,4, 2.0, 4.8, 3.0, 5.0,0,1,1,16, 2.5,0,0,0,0,0,0,0,0,0,0,1,1,0,0,0,0,0,1,0,299,56,4,0,2,8,0,0,28,0,0,8,6
1936,1936,"",0,0,1,172,0,1,,2012-06-08 17:29:17,2012-06-08 22:01:30,0,50,0,167643,1297329,5,1915,927,979.7,259.7,3189.0,1,0,0,0,0,0,35002,0,4,0,708,0,0,1338746400,0,43200,28178,60,16,5,15,5,140,100,1695,927,3,2, 2.0, 5.0, 3.0, 5.0,0,50,50,16, 2.5,0,0,0,0,0,0,0,0,0,0,1,1,0,0,0,0,0,1,0,299,56,52,0,14,24,0,0,20,12,0,424,20
1937,1936,"",4,6,1,172,0,1,,2012-06-10 01:45:07,2012-06-10 01:45:10,0,2,0,1505,10204,5,91,77,-340.1,227.8,-863.1,1,0,0,0,0,0,35000,0,4,0,708,0,0,1338746400,0,50400,943,2,16,5,5,5,5,5,91,77,3,2, 2.0, 5.2, 3.0, 5.0,0,2,2,16, 2.5,0,0,0,0,0,0,0,0,0,0,1,1,0,0,0,0,0,1,0,299,56,40,0,2,8,0,0,0,3,0,72,6
1952,1952,"",4,6,0,172,0,1,,2012-06-08 20:22:20,2012-06-08 20:22:29,0,1,0,0,10000,0,65,55,-317.0,218.0,-910.0,1,0,0,0,0,0,35000,0,4,0,708,0,0,1338746400,0,36000,872,2,16,5,5,5,5,5,65,55,3,2, 2.0, 5.2, 3.0, 5.0,0,1,1,16, 2.5,0,0,0,0,0,0,0,0,0,0,1,1,0,0,0,0,0,1,0,299,56,40,0,2,8,0,0,0,3,0,8,6
1953,1952,"",4,6,1,172,0,1,,2012-06-08 20:24:02,2012-06-09 10:28:34,0,44,2,540621,162961,5,1403,129,1119.1,222.0,1032.8,1,0,0,0,0,0,35043,0,4,0,708,0,0,1338746400,0,43200,20750,45,16,5,5,5,65,155,1183,1001,3,2, 2.0, 5.2, 3.0, 5.0,0,44,44,16, 2.5,0,0,0,0,0,0,0,0,0,0,1,1,0,0,0,0,0,1,0,99,56,124,0,96,24,0,0,21,12,0,456,34
2080,2080,"",5,7,1,172,6,1,,2008-08-01 00:38:04,2012-06-09 22:24:52,0,101,22,36956469,4305175,0,6461,6077,1372.4,364.0,1183.0,1,0,0,0,0,0,5000000,0,4,8,708,0,0,1338746400,0,43200,2010310,4170,80,995,91,302,127,5,2070,5280,1,4, 2.0, 4.8, 3.0, 5.0,0,23,23,16, 2.5,0,0,0,0,0,0,0,0,0,0,110,110,0,0,0,0,0,1,0,299,56,436,0,96,24,1999997396,15,49,17,0,584,88
2128,2128,"",1,3,1,172,0,1,,2012-06-15 18:06:50,2012-06-15 18:06:53,0,62,2,3240826,6107213,85,792,2297,951.8,254.7,3169.4,1,0,0,0,0,0,35048,0,4,0,708,0,0,1339351200,0,43200,56088,116,16,599,5,59,141,35,1524,2172,2,3, 2.0, 5.1, 3.0, 5.0,0,38,38,16, 2.5,0,0,0,0,0,0,0,0,0,0,38,38,0,0,0,0,0,1,0,99,56,52,0,96,24,0,0,27,9,0,264,48
